10 100
0 1 2 3 4 5 6 7 8 9
99 98 97 96 95 94 93 92 91 10
34 35 36 37 38 39 40 41 90 11
33 72 71 70 69 68 67 42 89 12
32 73 54 55 56 57 66 43 88 13
31 74 53 60 59 58 65 44 87 14
30 75 52 61 62 63 64 45 86 15
29 76 51 50 49 48 47 46 85 16
28 77 78 79 80 81 82 83 84 17
27 26 25 24 23 22 21 20 19 18
0 59
0 59
0 59
0 59
0 59
0 59
0 59
0 59
0 59
0 59
0 59
0 59
0 59
0 59
0 59
0 59
0 59
0 59
0 59
0 59
0 59
0 59
0 59
0 59
0 59
0 59
0 59
0 59
0 59
0 59
0 59
0 59
0 59
0 59
0 59
0 59
0 59
0 59
0 59
0 59
0 59
0 59
0 59
0 59
0 59
0 59
0 59
0 59
0 59
0 59
0 59
0 59
0 59
0 59
0 59
0 59
0 59
0 59
0 59
0 59
0 59
0 59
0 59
0 59
0 59
0 59
0 59
0 59
0 59
0 59
0 59
0 59
0 59
0 59
0 59
0 59
0 59
0 59
0 59
0 59
0 59
0 59
0 59
0 59
0 59
0 59
0 59
0 59
0 59
0 59
0 59
0 59
0 59
0 59
0 59
0 59
0 59
0 59
0 59
0 59
