9 90
57 47 55 24 19 7 13 53 1
28 31 67 54 78 40 63 46 43
68 45 20 2 5 18 41 30 56
49 80 76 73 59 50 61 3 15
12 69 4 25 23 52 42 34 65
6 38 74 37 51 48 32 44 71
64 27 66 21 11 79 77 72 60
29 22 10 62 33 36 39 17 58
8 0 26 16 75 70 9 14 35
19 31
19 67
4 43
37 60
18 27
31 35
54 64
52 64
9 26
33 50
13 59
23 72
10 19
48 52
18 23
53 71
54 73
7 32
44 77
11 15
47 71
44 46
45 46
15 55
7 65
1 23
14 30
24 25
12 65
7 18
35 78
8 72
70 79
57 66
43 68
16 49
50 62
13 32
43 44
22 50
45 62
59 67
18 77
24 25
14 75
5 22
19 27
20 76
12 63
29 79
47 65
26 76
4 16
38 40
20 54
19 57
14 31
48 68
27 43
57 73
30 38
57 79
34 57
4 52
16 66
49 79
50 76
66 75
50 80
24 70
43 70
19 46
9 49
52 67
12 59
45 50
24 59
16 26
12 13
20 44
5 79
42 49
0 36
15 34
5 74
10 20
1 53
29 62
15 67
50 79
