10 100
50 51 52 53 54 55 56 57 58 59
60 61 62 63 64 65 66 67 68 69
70 71 72 73 74 75 76 77 78 79
80 81 82 83 84 85 86 87 88 89
90 91 92 93 94 95 96 97 98 99
0 1 2 3 4 5 6 7 8 9
10 11 12 13 14 15 16 17 18 19
20 21 22 23 24 25 26 27 28 29
30 31 32 33 34 35 36 37 38 39
40 41 42 43 44 45 46 47 48 49
17 52
38 53
32 71
39 78
0 58
5 63
30 53
18 56
7 56
32 71
28 69
23 72
15 80
1 70
43 70
11 60
3 79
25 77
20 57
15 72
45 52
15 87
8 84
23 75
2 85
8 80
46 63
23 83
35 76
24 68
8 77
40 63
36 76
0 76
33 57
30 50
42 78
7 50
34 50
15 56
37 65
16 75
8 51
48 73
19 82
23 68
9 63
41 77
31 74
5 66
13 56
46 75
34 55
5 58
37 52
6 74
47 84
9 87
16 78
2 65
32 55
15 74
39 67
41 52
3 67
39 66
35 85
22 51
43 69
41 80
4 57
5 73
21 66
11 79
26 83
27 51
39 72
5 60
1 78
2 74
47 73
23 62
31 77
3 54
26 56
4 62
43 51
36 57
28 67
8 56
12 67
17 83
30 82
33 73
21 58
40 68
31 83
3 52
10 78
36 68
