1000
996818003
995994551
993710489
992943131
992703487
992106239
988778957
988516369
988413071
987936349
986096173
985206779
984991919
984932411
984182447
982099291
981865057
979930297
979672979
979075949
977182067
977055251
976379527
974497049
973838777
973485749
971192627
970663829
968730331
968440373
966110923
965911127
965586649
961925693
961858081
961476421
961406777
959866573
959708381
958541219
956463953
954029303
953768047
953485543
949033139
948061739
947676571
946146749
944967271
944844191
944059877
943861543
942383311
938045291
938010583
936390437
936055027
935786807
933835589
932256161
931720627
930987047
930730991
930150787
928430819
927065443
926119697
924693509
922600501
921333713
921159619
918367691
917707801
915593227
914626649
914528011
912567781
912567437
910595237
909276689
908563099
906513667
906239819
905572897
903009649
902806277
902330003
900427867
898639103
895105489
894766583
891535217
889147621
887806123
886426483
882750719
880203179
879605317
878513939
875568413
875508259
872886451
872470877
871732241
871692883
870773413
868507427
868400983
866877433
863779591
863322727
862972739
862806569
862590767
860720893
860099561
856146691
853611337
851949031
849538357
849433649
846473519
845472721
845436167
843001277
841489573
841012577
838053329
837944791
837731669
835771169
835607639
834739753
834026429
833569423
833275249
833156609
831858241
831712109
829920607
828011543
827890783
825353479
824170859
823875527
823796879
823597043
823380133
822764821
822209137
820933433
818963569
818772739
818711911
818526029
817528709
815202211
814162127
810842231
809669717
808917127
808777867
808710667
805879309
804025049
802913093
802289941
801620819
801217199
800213903
799339049
799229609
799220189
798117949
795906493
788859059
788597393
788518909
787271039
786109217
785914121
785340607
785050499
781919741
780196993
780144749
774624479
773910031
773063521
770606327
769449011
768655729
768026027
766964179
765636427
765463793
762623377
762525427
762249941
759881257
757558349
756765661
755358691
755286221
754758377
754535449
754292219
753196589
752574983
750036323
748550039
747917623
747590189
744475493
744039983
743373067
742839239
741987017
740933813
740405257
738951989
738669989
736152727
735344551
734976409
734695067
734653961
733315753
732371677
732280823
731301287
730331513
729235459
728375419
727405309
727223323
726662669
726047129
725970709
724101947
723365177
721352603
721200427
718646363
717607529
717565061
717110587
716726771
716352359
715614421
715083893
711517129
711407783
711056999
710715233
707006221
706807721
705846377
705126073
704688041
702543869
702159127
701742607
697558591
697293041
696231707
694202573
694080559
694056617
693917723
693390673
691504447
689312177
687742883
687480877
687389449
687065273
685906163
685188727
684666509
684413773
683688023
683668987
681789571
680823449
679126043
678785509
678543911
676844027
676657867
676505737
676154659
676028083
675547681
674692541
674656439
674428891
672972499
671854199
670604531
670254173
670108487
669798299
669284773
669033481
668773877
668693203
668131349
664046917
661524203
660737257
658177133
657988843
657556979
657429281
657205961
657121877
656073521
654948527
654759311
653685889
653501627
652152811
648796783
646922699
644853827
644852783
644762917
644143439
642365149
642270719
642122077
641051903
639406679
638607947
638442713
638093773
638089303
635768411
632759359
632298839
632257211
630976943
630718483
630481249
629943103
629858777
629044769
628353697
628059319
627447599
627385397
627325561
624866653
624291743
623678359
619368241
617318881
616350313
616022549
615575089
615322459
614771713
613225061
613220633
612217913
611378321
611209073
610313071
608834069
608776183
608610917
606170687
605907559
605876363
605795543
604086887
601368539
601130263
599612443
598648697
598043819
597891067
597298157
597119623
596881777
596145367
593637749
592469321
591977849
590039063
589527349
589127743
587139221
586476377
586022167
585932027
584290019
582707407
582273827
579022243
578993537
578697209
578460679
578375593
576336031
575946187
575435849
574472273
572995877
572760913
572448101
571393007
571342507
570732047
569210669
567155417
566897567
565997921
565895851
565169009
564400267
562938011
561341323
560732021
560471939
559715291
559548097
558751133
558202961
558051671
557930309
557340989
557061737
556869853
556731391
556378861
556368721
555927839
555468259
551763833
551545861
551535077
551430961
549881051
548483759
547258003
546667477
546639271
544501961
542092049
541835051
540901717
540556231
539690077
536755469
536541371
533741647
533149049
529455413
529181777
529181671
528361837
527867869
527837467
526697453
525872857
525047461
524012941
523774747
523730429
522588133
519914669
519474727
518656559
518178527
518115947
517253899
517220449
516998177
516634439
515393273
513522881
511882453
511553501
509751577
506428253
506201489
505623553
504745877
504509321
503843357
503623843
503405849
503374909
500735659
500687189
500578873
497769133
497477389
497168879
497149277
495695423
495530033
495393541
495303269
494258801
493423247
492781123
491249783
490992197
490486859
487876579
487721257
487546459
487067117
486630211
486129617
484963513
484934377
484537517
483508499
483274423
481886623
480777953
480489179
480135343
479638529
477950747
477827071
477604847
476693807
476631301
476465993
476298709
475938377
475930313
474268667
473227229
471321287
471286687
470159101
469767863
469258547
469092361
468331301
466884139
466627279
465359431
464198773
463910731
462952907
462941429
462760471
462562921
462019001
461685691
460064551
459666359
459343397
459335717
458212127
457848929
457241509
456797167
456397577
456381763
453080527
451448093
450996373
450580301
449629799
449024539
448785811
448174421
446791253
445453201
445181831
444165677
443497679
440584769
438630559
437720747
437694823
435349643
435028229
432900599
432536563
432329089
432071051
432007721
431927261
431658949
430987793
429413731
429376859
428486699
425750789
425683933
425599973
425004137
424818803
424523233
424118249
423233803
422510399
422372579
421572601
421501123
419830871
419068823
417579037
417231907
416841881
416002589
415896493
415594537
415490021
414232127
413578651
412135891
411740863
410551111
410253689
408728069
406664927
406662097
406360763
405602741
404431019
404414891
403635077
402549223
401932127
401915273
401138299
399942233
397446901
396610763
395760437
395202023
395156327
394819049
394068709
393863383
393784871
393030179
392574209
392550497
392468459
389084833
388371493
388101001
387481091
387476911
387462233
387287167
386545109
386433899
386096747
385277153
385100627
384989453
384878639
383651137
382769767
381428219
381268933
381225077
380180117
379469411
379185377
378986891
377900891
377806687
377406083
376599131
376361933
376212359
375212027
374327101
374309759
373494487
373186357
370909243
369888781
369716027
369389789
367915963
367326959
367054333
366566311
365876089
365702489
365349067
365018603
364649189
364372661
363218627
361258727
360888133
360867889
360772067
360206219
360143293
358062179
357821077
357419981
357242309
355689343
354096871
353855329
353630813
352666603
351747853
349479209
349338527
349173197
348222431
347608237
346910969
345899797
344596877
344517889
343482143
343337909
341962711
341283331
340386811
340129739
340118281
339931807
338117009
337944281
337825193
337439033
336918551
336640823
336558539
336247277
335521559
334845883
333349109
332214503
332098573
331876849
331710011
330381523
330360659
329798779
329744039
329558917
328853869
328820189
328717619
327933071
327180989
326405383
326143229
325165261
324192311
323202599
322543453
322479331
322035281
321070469
320751727
320158859
319103621
318036809
318016967
317736773
317268781
316631141
313008133
312356659
312012689
311469217
311114039
309021137
308045887
306590803
305960159
304940393
304859777
304662269
304411769
303782497
303736583
303721903
303330191
302498587
300137249
299663311
299648627
299544247
299497901
298980119
298589779
298180409
297985553
297630247
297497027
297264119
296061011
296049269
295683457
295330843
295133893
293824171
293736857
293574131
293413199
293390899
293121749
293090389
293079037
290796133
290323769
289743721
289454021
289205647
288560971
288324887
287478409
287373607
287340377
287339693
286716277
286280123
285853367
285561091
285139139
284840123
284699407
283228277
283184819
283066669
280004279
279141281
278571583
278428093
278089169
277772351
277606187
277130563
276736049
275295931
275197529
274541027
273916931
273891869
273781831
273101321
272519089
271078133
270085313
267732019
266934301
266359853
265780321
265281953
265091201
264735377
264603509
263573351
263175611
261351163
261211519
260823763
260560897
260452823
259463587
258796177
257995523
257109967
256296119
255847441
255407069
255373483
254898827
254816363
254758877
254681717
254388191
254163913
254127239
253343263
253157227
251739203
251695957
250889599
250712027
250255139
249960059
249638339
249279683
248906873
248542799
247916003
247866503
247764929
247437269
246699391
245809877
245509559
245399491
244481327
244039277
244021013
243299711
243147493
242925169
242763877
242099009
241765847
241341181
241031177
240780539
240120889
240073877
239305579
239203127
237718109
237290203
237228899
236993363
236167201
235219861
234652987
234615013
234266729
234233827
233281817
232714301
232427579
232126471
231221759
230436317
229590601
229171751
227748029
227407717
226997773
225735421
224985077
222503773
222275717
221948609
221014799
219763039
219596269
219022117
217730687
217469267
217108217
216064837
213510779
213482197
213015119
212900269
211430179
210989549
209007343
208988789
208316183
207595519
207387443
207350509
207164977
206656181
206575751
206542649
205931809
205905691
205818461
205030181
204810493
204604381
203838463
203783443
203707019
203474273
203166169
203127517
202235609
201111179
200933461
200905123
200398343
200228393
200204101
200114653
198510313
196902089
196665289
196160267
195801481
194734213
192877199
