1000
453457
448909
431741
423659
416327
398179
391169
390919
383233
382121
376591
370229
362879
361117
356393
346981
344051
329921
329653
326041
323287
315587
315071
266789
243407
234601
218129
205501
193777
192139
191959
189869
184507
180619
176879
168611
162923
153253
147053
138037
135143
133501
130313
129709
128417
125249
120389
118933
118229
107879
102089
99443
90949
90751
89801
88013
85651
83129
81803
77123
76189
74351
72389
69947
64979
64789
60023
58879
55739
55277
52777
50933
48827
47029
40319
37127
33431
32989
31877
28471
27931
25199
23999
23267
22577
18349
16517
16337
11449
10379
9869
9641
5083
3569
2627
2047
1829
1643
1387
961
901
527
391
299
221
121
119
453457
448909
431741
423659
416327
398179
391169
390919
383233
382121
376591
370229
362879
361117
356393
346981
344051
329921
329653
326041
323287
315587
315071
266789
243407
234601
218129
205501
193777
192139
191959
189869
184507
180619
176879
168611
162923
153253
147053
138037
135143
133501
130313
129709
128417
125249
120389
118933
118229
107879
102089
99443
90949
90751
89801
88013
85651
83129
81803
77123
76189
74351
72389
69947
64979
64789
60023
58879
55739
55277
52777
50933
48827
47029
40319
37127
33431
32989
31877
28471
27931
25199
23999
23267
22577
18349
16517
16337
11449
10379
9869
9641
5083
3569
2627
2047
1829
1643
1387
961
901
527
391
299
221
121
119
453457
448909
431741
423659
416327
398179
391169
390919
383233
382121
376591
370229
362879
361117
356393
346981
344051
329921
329653
326041
323287
315587
315071
266789
243407
234601
218129
205501
193777
192139
191959
189869
184507
180619
176879
168611
162923
153253
147053
138037
135143
133501
130313
129709
128417
125249
120389
118933
118229
107879
102089
99443
90949
90751
89801
88013
85651
83129
81803
77123
76189
74351
72389
69947
64979
64789
60023
58879
55739
55277
52777
50933
48827
47029
40319
37127
33431
32989
31877
28471
27931
25199
23999
23267
22577
18349
16517
16337
11449
10379
9869
9641
5083
3569
2627
2047
1829
1643
1387
961
901
527
391
299
221
121
119
453457
448909
431741
423659
416327
398179
391169
390919
383233
382121
376591
370229
362879
361117
356393
346981
344051
329921
329653
326041
323287
315587
315071
266789
243407
234601
218129
205501
193777
192139
191959
189869
184507
180619
176879
168611
162923
153253
147053
138037
135143
133501
130313
129709
128417
125249
120389
118933
118229
107879
102089
99443
90949
90751
89801
88013
85651
83129
81803
77123
76189
74351
72389
69947
64979
64789
60023
58879
55739
55277
52777
50933
48827
47029
40319
37127
33431
32989
31877
28471
27931
25199
23999
23267
22577
18349
16517
16337
11449
10379
9869
9641
5083
3569
2627
2047
1829
1643
1387
961
901
527
391
299
221
121
119
453457
448909
431741
423659
416327
398179
391169
390919
383233
382121
376591
370229
362879
361117
356393
346981
344051
329921
329653
326041
323287
315587
315071
266789
243407
234601
218129
205501
193777
192139
191959
189869
184507
180619
176879
168611
162923
153253
147053
138037
135143
133501
130313
129709
128417
125249
120389
118933
118229
107879
102089
99443
90949
90751
89801
88013
85651
83129
81803
77123
76189
74351
72389
69947
64979
64789
60023
58879
55739
55277
52777
50933
48827
47029
40319
37127
33431
32989
31877
28471
27931
25199
23999
23267
22577
18349
16517
16337
11449
10379
9869
9641
5083
3569
2627
2047
1829
1643
1387
961
901
527
391
299
221
121
119
453457
448909
431741
423659
416327
398179
391169
390919
383233
382121
376591
370229
362879
361117
356393
346981
344051
329921
329653
326041
323287
315587
315071
266789
243407
234601
218129
205501
193777
192139
191959
189869
184507
180619
176879
168611
162923
153253
147053
138037
135143
133501
130313
129709
128417
125249
120389
118933
118229
107879
102089
99443
90949
90751
89801
88013
85651
83129
81803
77123
76189
74351
72389
69947
64979
64789
60023
58879
55739
55277
52777
50933
48827
47029
40319
37127
33431
32989
31877
28471
27931
25199
23999
23267
22577
18349
16517
16337
11449
10379
9869
9641
5083
3569
2627
2047
1829
1643
1387
961
901
527
391
299
221
121
119
453457
448909
431741
423659
416327
398179
391169
390919
383233
382121
376591
370229
362879
361117
356393
346981
344051
329921
329653
326041
323287
315587
315071
266789
243407
234601
218129
205501
193777
192139
191959
189869
184507
180619
176879
168611
162923
153253
147053
138037
135143
133501
130313
129709
128417
125249
120389
118933
118229
107879
102089
99443
90949
90751
89801
88013
85651
83129
81803
77123
76189
74351
72389
69947
64979
64789
60023
58879
55739
55277
52777
50933
48827
47029
40319
37127
33431
32989
31877
28471
27931
25199
23999
23267
22577
18349
16517
16337
11449
10379
9869
9641
5083
3569
2627
2047
1829
1643
1387
961
901
527
391
299
221
121
119
453457
448909
431741
423659
416327
398179
391169
390919
383233
382121
376591
370229
362879
361117
356393
346981
344051
329921
329653
326041
323287
315587
315071
266789
243407
234601
218129
205501
193777
192139
191959
189869
184507
180619
176879
168611
162923
153253
147053
138037
135143
133501
130313
129709
128417
125249
120389
118933
118229
107879
102089
99443
90949
90751
89801
88013
85651
83129
81803
77123
76189
74351
72389
69947
64979
64789
60023
58879
55739
55277
52777
50933
48827
47029
40319
37127
33431
32989
31877
28471
27931
25199
23999
23267
22577
18349
16517
16337
11449
10379
9869
9641
5083
3569
2627
2047
1829
1643
1387
961
901
527
391
299
221
121
119
453457
448909
431741
423659
416327
398179
391169
390919
383233
382121
376591
370229
362879
361117
356393
346981
344051
329921
329653
326041
323287
315587
315071
266789
243407
234601
218129
205501
193777
192139
191959
189869
184507
180619
176879
168611
162923
153253
147053
138037
135143
133501
130313
129709
128417
125249
120389
118933
118229
107879
102089
99443
90949
90751
89801
88013
85651
83129
81803
77123
76189
74351
72389
69947
64979
64789
60023
58879
55739
55277
52777
50933
48827
47029
40319
37127
33431
32989
31877
28471
27931
25199
23999
23267
22577
18349
16517
16337
11449
10379
9869
9641
5083
3569
2627
2047
1829
1643
1387
961
901
527
391
299
221
121
119
37
36
35
34
33
32
31
30
29
28
27
26
25
24
23
22
21
20
19
18
17
16
15
14
13
12
11
10
9
8
7
6
5
4
3
2
1
