1000
883804608
117043510
825306557
694447503
613700350
232061431
251029625
753464574
817136590
968110219
436837393
506667314
798760187
926580109
269536814
626647812
486349634
844169920
796099857
98342381
128930587
917626313
801467579
367224528
863207081
899261647
928332762
614336336
4045326
565253123
297329190
404716584
422915903
94286437
764248373
117188190
987100723
271042018
682649836
408221045
460924938
334273612
690156098
90997943
464173687
457204362
336524222
33553923
88600471
467876684
295116471
232302874
594526670
560206294
629983659
798729293
251605901
967489943
546729523
124335645
202062597
748101957
420205398
787447742
396819885
336302007
326664369
462525771
559273418
175111992
478483051
254812968
82540060
161271749
255438090
127496439
843891847
996087503
145626497
748598985
526183317
720657807
140829519
750783172
694287866
374586508
876480894
393329242
339026032
75614184
815904256
540337030
566032665
898540642
808332000
252008390
219364265
163058874
134691373
546571790
327060855
490122377
37881419
649886349
413748481
948116018
416983378
375723909
513249803
694675202
409776400
631792990
896094235
476658094
684389779
348137069
942291028
190688253
698455511
334872920
53398781
828131798
748186432
941770423
966492481
557665332
46148735
492733192
961054632
949773023
991572592
145267267
622444608
380201314
664902343
407751405
973759042
164379152
928111132
468608203
717242494
758196140
193524879
682378644
709741415
774671215
416336829
99245722
232638447
335377425
681844915
591537784
467384255
376500854
838810957
265794870
359754814
783512773
252713363
682506497
585366730
637367503
353860640
16180865
216060258
971363523
71431566
553509129
296611266
398379301
261394109
667171544
663861050
150124485
404947956
853676485
778180916
967714114
228705787
206912864
799521362
831043440
716873565
385464618
289209845
125651499
424762536
147448747
221300382
981942445
619625012
591210317
815035140
17171129
7936079
975830617
375959099
166782591
166073920
84110516
824463350
492162790
468750304
825173119
426605567
290946317
618430364
930311577
418874086
476157852
634586218
721591251
233509820
81171002
417365497
341142576
351787978
977329803
960240548
995815461
585314356
919351765
658339209
124533869
261214142
478670753
28376059
394717898
64331716
148793266
128494063
209801130
298937077
298723169
965329725
621719610
70721206
729036094
368527739
780921004
942633905
13914463
923921856
209640289
883472683
957274431
824065266
492248785
841530139
356827262
63303607
333199814
496362693
350408874
405226668
981955958
854989730
294566407
891826428
255537379
327756921
274589502
868259592
249471824
23975488
493394041
72169603
708627553
865574209
919697797
166062176
594357320
873220046
288335713
368826293
514992878
246105700
823052694
22585914
288223117
165098673
131743342
584955460
292075642
385682392
695977840
90171641
61168695
665533957
704134031
870121946
193962981
986502311
207337383
575815263
542973272
253922105
465505859
2411155
263005951
947147962
917631137
736642598
976407160
304000110
902702051
388040321
267094147
113680705
359326727
945687900
918782127
64340259
523714063
631290284
431589407
235124604
104130071
815344021
862315978
249450643
780789832
861683059
476101691
9639155
151134802
737728415
641212130
942577136
844515958
441067005
128001537
113698130
135282456
801041061
534661352
250988685
153099338
339031033
574310578
464629445
792369465
281637379
981170980
86880009
773777805
591213101
179834493
621234596
120228453
312715382
448463230
946036859
164748033
229715019
123158878
439151284
873446770
325854383
921747624
658097710
917425853
85676993
928869337
899700941
615462315
679683464
751816260
152811759
400209014
631318773
51518536
902964329
768003166
244699726
619346126
360972088
126755541
608679619
639835739
81467113
208120529
807595821
364663923
364873303
805953876
263936698
553985778
759182164
883043385
475807827
392954396
13808784
259124866
552079261
619241184
642630881
371441397
765091523
385281576
987253326
614529123
537080086
393786921
467248291
786419210
754915687
756580480
188504341
855280967
915714525
348777269
278628310
984267978
943647632
173684657
48108652
157786853
933473127
367726058
804099950
832149759
822939672
790759625
91759230
216095708
608934964
541515032
772415290
418606753
381607634
624756902
358298211
502228669
308764823
180864979
512472218
646527703
576392270
810923997
569602989
139693349
589795528
41797097
181638685
57115338
30488281
481334826
438014713
167881476
830262668
835340178
337457062
652794070
893802502
560842430
977012841
130315665
358488606
395184433
121937409
590697255
107770729
539115028
32340021
269309423
33535981
179984869
74889703
774263173
272192875
922567069
12385827
792758532
712319142
397276793
638145582
984585087
37799150
269494774
696861864
907389155
132874595
99293734
408525185
665877300
695986155
418295998
617022972
565521485
397948917
651970887
927516772
758755255
625372758
10102387
54377871
50535313
980561436
371761209
512806751
45500550
601778747
893909333
648449796
36516055
396876390
59237657
301787361
777032729
821938810
737766962
168694752
527637240
426503543
514038678
423312027
614268445
996934495
732264715
941207314
181203802
432963581
151897663
34130241
149234706
690712803
195405250
649951237
495987389
620343785
992509520
545261165
46539608
89603037
189677101
523280962
858314853
585969655
178319130
425417979
450816241
189202797
463910558
367166826
892353260
946668460
10008021
467336614
523546083
811047821
76122225
58751380
289524747
430924664
752144577
770045006
461894222
335457378
774097707
374074949
667927837
528058192
790466056
197503004
40706679
2931192
340782453
26961852
193727252
562219170
801552805
636156292
268256424
676575453
649933744
685549543
348138257
970444732
696326187
428312321
663822206
829557640
979201154
612704880
290101877
94496105
995560447
331846155
676913361
281866872
34767880
132032331
668347796
496157744
759845596
77402718
841988648
916644682
250803495
481441855
192645833
607207348
281237651
427719021
924219557
773370339
653746753
830265796
497300531
662464401
739265828
168137575
133102547
401395700
102504041
898410133
923892185
459052024
421415430
651653070
62522183
792994645
307170526
14059355
435959052
548940830
391038170
243803001
288135733
394321829
992104350
660436942
775093889
609498593
983004457
30516527
662919518
249119223
931998107
260836171
914349628
31554260
12081900
315803585
896251833
667601853
490181022
804352716
424272207
439577251
651747417
428499175
268252243
771032049
917541421
57628307
327920291
623553917
340235699
618012846
136806562
613215936
78770163
867958364
808164406
887063481
753325262
260853829
968876923
198572301
37352816
205633039
321079046
682019743
744240328
873498146
561343157
994309543
392654956
119900137
146547967
148054831
297173567
897146604
416490408
640841055
839243159
307488552
650308345
285705043
775815954
760822057
134289493
952968301
105771729
703459680
567155701
127888795
748795393
619800555
608077949
106452670
594439351
583339183
889724587
614992238
516619637
978395521
129897317
154598024
493653058
464733187
198993014
924089449
104981026
88770078
293952413
647703730
584859840
108835329
77880161
115820837
98593284
709477022
3373202
930324892
210504973
43061514
473955131
331933687
461765
290946554
103250159
157453235
635858443
650018071
964763425
282885696
836799711
268591755
343761411
823474244
81298371
451088016
322058942
133141081
180469914
79954403
827854589
459153717
480440648
663726705
850706565
485305227
426298766
502326483
928509498
811650206
168032354
51336441
22504370
277728674
72633251
972969426
572883737
850475941
5363024
473175752
948138693
519271735
176446055
632869857
811467039
89410717
194581930
956914335
300920550
906335654
81746884
249737510
775496317
682602300
103836894
124252576
602631254
913736692
127093471
859728732
479498834
917011324
578258829
867911511
86361690
228429049
117620339
797386489
67800807
672927420
123090487
709888358
903723825
480494920
148024622
969377803
288314523
277300090
738107808
721448600
385624012
455597590
916416429
396361005
220296514
129453654
843212867
45853188
929132309
266126209
353895405
680376256
98637584
484479149
80680969
636910761
643129043
967452178
832816076
7830801
409846054
862664836
954419490
487319258
409513425
935356023
478370276
380266052
549104495
902125474
47417396
582365515
607240456
226836357
890375322
959334367
860323836
40603942
728420073
673990994
769740888
387617398
712402941
825119021
97745322
378616547
239879448
324081379
486495625
263920881
785584893
652788192
43157297
436347924
710736131
884158161
694333228
216960404
14306304
643939475
742922638
256165765
960282530
807715012
619537103
799344971
292793987
27775170
145525294
593803723
38530105
312434313
236012514
603667595
57749211
339114889
757486738
759169806
152272244
650822492
636423557
152627212
390672847
752492474
620221345
367106859
799953952
366262076
696259534
750353377
704860388
529327889
172072565
155812264
343754734
584526378
232498089
887188858
405928194
644595571
451094199
659548283
178567248
262710486
972484477
603482821
102532126
115387860
909680626
575693947
53530750
209309522
386794713
395474844
200247805
306196093
28517291
389713801
969347757
58655766
153860372
107549320
281224367
507741636
981460950
931664000
732028129
808344184
700491419
398869396
218536737
39404874
646505734
919255236
546659633
534430171
126324660
932608373
839563966
597405442
499481461
343340262
133062481
326028303
330150768
221616770
404610481
260858203
664787613
155341928
644299512
399290897
305350309
177124620
747945149
965939188
767667598
454632070
926080566
732186825
993930293
780614709
701100309
938029211
709958574
554079614
268369732
614303055
260965650
717585737
542702183
232033279
458969621
210051283
955697944
126508015
384413925
836541233
926388658
917567401
353168076
966301187
400713395
170953719
859355563
646285714
549857404
711378949
53356564
879103706
353089138
