10
99
1 2 1 3 1 4 5 6 4 7 8 9 10 9 7 11 12 2 7 11 13 12 3 2 12 14 15 7 16 2 17 6 4 9 4 3 8 1 15 17 13 16 10 14 8 13 14 9 13 17 3 8 18 15 12 17 13 4 6 13 2 3 13 18 14 15 2 16 14 19 18 17 8 6 16 17 7 6 13 8 2 1 6 1 20 13 19 15 20 15 11 6 1 5 3 10 17 5 7
97
1 2 3 4 5 6 7 6 8 5 9 7 10 11 7 12 6 9 8 13 1 7 14 15 16 8 16 3 17 13 12 6 12 3 12 3 13 6 8 14 13 18 6 11 6 2 19 9 4 18 8 7 1 2 10 19 18 6 9 4 19 17 18 5 12 4 9 11 3 19 2 19 17 12 10 17 13 12 14 19 7 3 1 10 13 2 9 7 3 12 2 15 8 13 9 2 12
94
1 2 3 4 5 3 6 7 8 2 3 9 10 8 1 11 2 12 3 13 4 13 2 14 6 14 9 2 3 4 5 12 10 15 16 6 1 11 14 1 5 9 7 12 17 16 1 11 8 2 4 18 16 8 19 1 5 2 9 2 3 5 19 15 10 18 10 8 2 12 2 3 20 10 9 16 6 19 6 7 15 4 15 8 4 20 9 6 7 4 15 1 18 4
94
1 2 3 4 5 6 5 7 8 9 4 9 6 10 4 11 10 11 1 9 12 5 13 14 3 7 15 2 16 17 6 18 13 1 16 2 12 17 6 10 11 8 3 1 15 5 19 8 16 14 12 3 15 13 4 14 20 17 6 10 17 8 1 15 19 12 7 9 16 5 8 3 6 19 11 15 10 20 11 1 4 16 9 20 10 14 9 8 12 4 2 19 15 13
93
1 2 3 4 5 1 6 7 8 5 9 10 6 8 11 1 11 12 7 10 12 3 13 14 2 9 15 14 16 2 4 9 6 16 1 17 7 15 18 8 10 12 2 5 9 16 17 9 19 14 12 14 4 10 12 18 6 13 14 16 19 14 15 16 3 6 12 13 8 12 8 18 20 16 6 11 13 1 2 1 8 18 9 11 19 15 17 15 20 17 10 15 16
94
1 2 1 2 3 4 5 6 7 8 9 3 10 6 11 4 3 12 3 7 8 13 11 14 15 12 13 16 13 10 15 17 9 18 9 13 5 15 13 9 18 5 8 5 3 16 7 9 13 19 8 1 8 14 3 1 7 12 11 13 4 9 16 19 11 16 10 9 8 15 17 2 18 4 15 4 13 12 11 9 14 3 17 3 16 11 20 15 3 7 20 7 3 15
94
1 2 3 4 5 6 7 8 1 9 10 11 3 12 13 14 11 14 15 8 12 4 9 3 11 6 10 16 1 3 4 10 2 7 1 17 8 7 15 12 4 6 18 6 17 4 11 15 10 2 7 3 15 9 15 13 3 14 7 1 18 1 9 19 7 10 16 9 4 18 4 8 9 14 3 18 16 12 14 12 3 11 17 10 8 13 1 3 5 15 7 12 6 2
95
1 2 3 1 4 5 1 6 7 8 9 4 7 10 2 11 12 13 11 14 15 14 7 8 15 16 14 1 6 5 6 3 10 17 6 2 3 1 17 16 4 3 18 5 13 18 5 14 19 6 18 12 13 14 18 1 6 1 19 15 8 2 5 7 5 10 16 13 10 12 11 5 1 10 11 16 10 8 15 3 19 15 6 9 13 6 4 14 20 3 4 17 19 1 9
92
1 2 3 4 3 5 6 4 1 7 4 8 9 6 10 11 7 8 12 5 13 14 13 12 15 16 5 17 10 12 2 7 1 17 15 5 9 13 18 10 19 13 9 7 12 11 4 9 4 8 3 8 9 19 6 1 20 11 2 7 10 15 8 11 18 1 3 7 17 18 20 16 5 16 10 9 8 2 8 1 2 20 5 12 11 17 15 4 5 4 18 11
94
1 2 3 4 5 6 7 8 9 10 11 12 13 14 15 16 17 18 19 20 1 2 3 4 5 6 7 8 9 10 11 12 13 14 15 16 17 18 19 20 1 2 3 4 5 6 7 8 9 10 11 12 13 14 15 16 17 18 19 20 1 2 3 4 5 6 7 8 9 10 11 12 13 14 15 16 17 18 19 20 1 2 3 4 5 6 7 8 9 10 11 12 13 14