10
4
70161021 -71526826 -15491163
-272779322 92603548 101506889
856971826 -718266862 98556839
901172175 -758689849 -31529979
270210327 -236947573 -19352187
107515761 -102415456 -16212123
582762892 -521455457 99272864
161669650 -219218942 100372439
4
-146581651 -195950347 -21204895
-127805017 -575060977 448638598
-143868922 123572855 -214654643
-171745244 -573686979 244285148
-81662559 778565461 -706137787
-141839752 35322407 -130868369
-152719687 508500671 -580110776
-174787353 -619352795 276381107
4
-43726400 51646696 91023196
18059619 213971461 191334116
-455207668 -339329516 -287235938
765403083 -132047601 234616556
-145209837 289565009 181878356
-270658432 -163976792 -117586820
868200772 918130444 929323282
472387059 3618441 217646516
4
-247751665 151015412 -323473235
-34389339 67357918 -78062106
-368336725 574324472 -995520515
51849957 538168690 -757648866
-46007803 3928620 13494234
33980677 440613980 -616834566
-238103235 117144982 -269700395
-185701290 -66809963 22347265
4
195891601 -28508501 -378960267
228790075 -201222776 -396505758
59799701 685962749 -306379417
25490264 106550349 -75006730
162489981 146847249 -361146437
-12843850 517294788 -81311014
64233800 -308580987 -68635114
45504440 -107898627 -71715274
4
-139295641 -84683677 -42056180
131807415 -432178813 -441071556
86835355 76549252 234404577
-322494993 150138035 227580612
-105925073 -127457485 -91171708
149191575 6216724 89905605
-22091345 199409332 486821997
353262875 -223958396 -382991775
4
125746187 -216840588 163280801
-107310491 -203096726 88789188
-534509179 759402122 -934321468
-335728253 458059852 -279696719
-540692944 773334437 -949131148
-368343213 505758812 -311004399
-58588663 52746762 -13665499
-393658805 442059568 -596994780
4
195986173 237717892 26919915
-98205252 -72384209 131061845
896412752 422662139 -1848127
237143388 98219357 -510424970
-357399129 -201391508 165697706
307080043 129336456 76903910
175952998 305618467 288471240
217895228 163459197 -259122730
4
773824 -89915071 -7386792
41848296 -75488735 -162340768
6518194 -87897511 -29057502
-527339914 -339115809 403895476
164051846 66447519 115474948
-182323664 -136732809 259968726
-34011754 -49734561 198099028
-47657004 -106925135 175319132
4
226009707 256265084 -57670300
26093472 57919208 -142140426
-60499200 -94026424 -16335978
451788681 524614070 -23094502
-514568538 -890789602 643349664
471224697 547714694 -20118070
-152127867 -193169302 -115578298
547162707 972248243 -899165541
