10
4
59142919 72033209 139004811
55666110 -370281117 314840499
88681008 31960275 108909249
589468909 378533743 340519691
67685100 -223846157 239871749
146603622 737668131 -252384501
-248546237 -426968633 205219901
150701713 58058617 211936401
4
9753667 -507814388 -210420727
252743929 682133939 46281407
-131149434 -555457295 -150019675
14644025 -85449933 -75469249
196820729 82713938 -116272642
227978825 602296467 33617951
128710891 130653484 -118936303
-387007211 -90559382 -209346082
4
868233081 -548837108 -304331495
-907745628 -988537318 395654836
-314812738 -188378728 152331756
19953926 7173007 -130960709
-728232734 -194552153 93064001
3743555 241510655 21605160
-469680 44699761 -129266735
328339431 679550411 -111599912
4
-102255816 48835473 143048736
-464110768 651690109 -260361521
-151009431 161928068 118786951
-563328577 867247307 -301034009
-77588211 285125163 -19670904
-171345111 119770828 161926591
-238921381 162451395 -168049337
-506680552 744175757 -277812209
4
-218886847 -27495949 -514052404
-98422994 -49303911 224881384
-216897931 -27955621 -509428078
325735357 -153367317 752220590
10030569 -80402621 18191672
-344955106 -791914087 773249572
-127118952 -25896139 134630992
-497758952 -935546139 668979742
4
196415948 -100676565 182026818
69357700 894658707 -494593898
57431476 -781917309 310740070
85053110 -2915295 55899120
249228101 529167856 -86369271
98306047 -110155746 117313559
64239841 175195476 -149003735
63213157 30865320 -79675547
4
64392058 -18153626 -73270607
-87646467 -50912771 -82837001
41473163 -205164584 -304511886
-704655061 -246605657 -288420101
41078971 19919048 293871570
41226203 -64150424 70373394
40638307 271538192 962799522
-489515930 109098382 547242529
4
41682907 -38583885 88963144
-168626981 60458707 -27926552
91715699 26036020 -11761746
-163023605 57819873 -24812210
117983083 -74516419 131370586
177846729 42303132 -208408770
44070289 44427772 -20833410
-701172541 359582236 -280969098
4
-670882898 782236733 -306637183
119904034 44917376 100110059
372977194 -284656459 619293437
668581426 -586783291 881501957
154478938 212427047 207857874
114263578 -651956473 -171885326
-118049144 217204529 183740507
28129036 -73890022 -62084341
4
145166922 -67631386 260559509
-30334833 117503564 -58146736
-118543362 114560421 47307349
389704200 -132035859 -311387213
926958490 -737626194 995467957
134066704 4793757 -28349759
-28161732 70708221 -16479281
-45503994 79122501 -4240019
