10
4
520461521 524748229 -147600935
82622524 -22630529 -41786244
217428494 61827647 -113678013
-386126016 -168030703 376278962
39927301 128437461 139502677
583476474 785876679 -469049376
-22025146 948453287 -321582018
-42311866 94698697 177602812
4
107116392 48033964 -135174297
-321416361 -642895638 -38113579
162886306 83469172 -298731865
-51654523 12579508 103117606
-346632188 -679165656 350191837
-103074697 -136560460 29590130
-10970037 1558510 -87215745
419073862 466924444 -625012813
4
205631857 339146767 -226015482
-493986683 -426221533 347445706
72569532 -122244307 14720049
105666312 -114563703 9417859
-37128128 -5051938 33126865
-25295243 86517267 -36729862
-718765038 -289732413 129134839
302446842 -73935293 -18252592
4
-750062 134444869 97757644
-206205564 350689673 59905830
-283080178 306537865 998296676
243379182 -159901031 -27274836
131013642 -60346037 191619357
133849816 -67666065 -76744431
269135296 -173515413 -403222737
38369316 46089113 -21711090
4
-297030869 24907660 -282547423
-36607558 -91828312 -86039220
44041524 104111139 -140021674
-31506782 88593777 -167234288
72293711 -145000259 -209239549
-322455178 -143908702 -174742350
-967743368 -135963149 -573827818
-356291879 349753991 889492561
4
-102181997 150745618 159096193
125059371 -163762048 204128284
126140571 -164492998 203200759
-38039707 97172268 -63615667
34730561 -114365134 89942686
-192024116 190176267 -113791399
-703716469 396535492 915107114
-265162826 254998855 201505120
4
153164581 -189313947 211147961
-514113642 376035853 -520971607
-220868988 257429756 -11800584
213838536 -58791484 390987336
22457058 -97722467 95006921
-73633373 134068376 147772208
-529203288 481722756 -297494584
168743506 -434422367 558454129
4
223465195 613000648 6453814
-137349570 260092886 -137949356
-142534972 48793860 -106748538
131733966 -578065966 35985272
142233286 136522501 64766713
135248500 -428957 84361531
-49290162 -14200270 -81028072
644642374 210922045 140486401
4
260201626 117593945 3267099
252680051 127817445 9255149
73812826 370937945 151654299
145222272 81766384 139233132
152087392 34751440 136853452
529989491 -243975111 -183237779
407560027 -46279807 -88331563
123686234 76007813 130548847
4
-18272319 -147065549 49577577
173283164 -72512460 132696721
378811870 94931210 33066367
-65484001 -335303043 260598043
913575759 -256657259 689137315
118393004 -97785060 134877961
314119934 18387486 94371019
924865639 -255750367 694078951
