10
4
146848950 -74772987 -142773009
-210206791 82699179 375010
561286649 112120539 6913090
814325849 121770339 9057490
152606449 -85390428 -156489048
117952877 -85409394 -155128240
177655101 -105705675 -183293894
-112596611 39410688 -58509596
4
-131238971 -55911472 57365231
-157329941 -87595817 95205037
79210480 308864713 169458756
-118761415 -321045862 155074181
-121557738 -14010977 66658344
-190449108 -549143067 149865376
-49638742 -117556072 147366038
-143646890 -45276197 95256904
4
-35309950 -25351621 -35746450
-30073772 80592 64089174
-3690839 -35587091 -38146421
-195899024 -225859944 -744708246
-4021041 -42028383 -57356643
-19075396 -38285113 -59533348
-55349087 -34357578 -59188851
-8944238 -23685420 12764856
4
280281815 -304476134 287961172
-940169592 787272922 -625903551
-172048464 195721642 -84303279
218588707 -250677752 236744578
226298040 -264618723 252004911
-108155002 76271763 46970618
250213532 -274742178 258686304
384342218 -232770178 308006389
4
30633483 -5721839 -102828674
16136763 -19708609 -109376684
40671321 3110652 -96934421
488437425 593862064 137561684
61814154 25071722 -89877506
48220797 142019565 -18006943
99817455 184699240 16634162
-521377755 -469332992 -176664184
4
-78066200 147538572 211394105
-10234040 195145090 199665081
426183418 176137462 -93023373
122868076 -12772562 13098351
357264469 148662943 -34308627
-52504477 157357895 188786483
-87486237 138756035 208159923
309707146 129704230 6207315
4
28275104 95593935 -62984353
53245309 559575643 3823319
38810477 48261181 -66183114
-42771848 26250071 -30862428
65454113 74859373 -64591326
73309106 38542747 -67044171
24770410 44540525 -30078778
108747805 867863259 23873335
4
-104264393 -15127936 45815947
284450059 -221598988 -423943217
608164835 -393544564 -815150649
-213003194 63056045 33263346
-180439400 39228311 9526092
-205276323 52830224 38562389
-225367040 61242716 68243178
-121192790 12355346 22059940
4
62927491 112083075 26396649
-78198281 -58074989 -124117669
71241648 -43285838 93714919
100770150 -5066512 128952711
-417745811 -669045979 -774782999
70733634 -27225704 117038257
106933449 27638189 171702368
220265017 478970345 447819109
4
524762126 814671501 -507734270
58094846 53582811 136687600
-48076227 236309326 27318847
-11448821 302322505 63915284
-62972034 -143865429 303869120
-23379017 279230307 29907378
-38278202 -121404973 22402912
-53267527 228547442 44272583
