10
4
47338557 -159784684 -50515745
85617054 120747715 179931006
23541075 -122704823 107492076
-25291380 -44941403 153844966
69184696 -86353886 -29722295
365784935 639008663 284092264
47981416 -97772006 -26935175
-161218407 349914440 215599951
4
3138274 546630677 -697133460
63912368 84262002 168993171
-78019778 -55929577 148135308
-104729425 -931341762 -423727259
-74400235 -10886112 133248331
69978748 100217726 69298511
51498023 165346596 515796336
64619271 5604034 56293684
4
184996368 105900828 37255882
-6241561 -70048884 110375444
273443233 363489900 -67290300
230338797 390032268 -77381198
-862650823 -390359192 161010106
-83171271 8343400 -9197766
-512646865 -297409016 119132370
-204882968 53179912 -25605393
4
68969288 25699691 -65830362
357081280 136053295 -238808566
31422400 60520295 -22137041
123477052 96865793 -78843887
-148844424 -92044371 110381786
92622190 132727274 -123454068
-901841252 -186779597 306008392
-84725824 100099809 -63720709
4
-140736267 -112763213 1243447
227945845 63638261 52134689
618724570 486689246 676679834
-308213893 51537426 27428976
-313292953 44439846 19514916
-121704177 48519661 28074517
437194933 -102537613 24774647
-187720306 -15827046 106857558
4
-63045845 -73294307 83818266
10270292 128962575 -626192
-121282291 44457094 115986871
-640925 -60521093 -4908747
-134383298 -151307704 107683206
-289021321 -189286316 110568601
-675169668 -590749383 265217609
110438563 105742115 12714441
4
74667729 20663953 -140116752
323543871 609626049 -72604861
-95583658 -142106690 34185115
80808807 31974697 -205308123
-156070678 -267968570 376333915
-121319146 -203355634 20019191
45387903 -48747035 -150563250
-247881946 -535496534 -691421084
4
348202301 199095252 601233112
127021119 -317729656 246740655
152168566 -216451422 275573843
129371381 -63501852 88543528
126201612 34324334 -16805262
123810766 -136448622 124629593
192474594 124022402 130925808
123905471 14086856 -9229301
4
84286453 -78120855 22670676
424180218 182266660 258720905
-214185681 -28489167 633059557
-125799064 -213039322 138221879
-114359438 -7251874 147452952
78375847 -80534061 39811822
-50305401 22056363 -6602119
7097769 34081533 -287718829
4
-88683072 89962097 -94882620
-64754424 -459896725 314300451
-741479113 421187718 168787784
-250351296 169246035 -69340326
107328671 23535760 26127926
147842957 50305128 -1708906
-185104410 56054353 -42330276
-93521074 126191121 -109679428
