10
4
-235279169 231347834 689521002
236144004 471263563 -81840105
12050732 -182963581 859707887
638369171 530273350 -921284226
260574914 -461973266 -51557383
373278211 445112102 821499998
713547427 189095557 -269373142
458223468 223218647 -894552177
4
-2276912 -53218186 195374139
-27391512 -341303222 32226177
137254135 -850928419 -68098392
169630405 64329757 84125281
-504859236 -236075172 -669841102
-590164776 -491046006 -871041905
392016754 -31168478 237815196
-434831524 99621438 -119615683
4
224130612 -18837814 -740381850
-315820250 498549730 -93883610
-107775410 205853410 -927499275
105034974 91219602 -97640028
631280620 -256136710 254754592
464150850 -67529310 633087277
-463671490 732274530 659562235
-164429970 195824850 -736825128
4
-855103258 -64989665 367368271
452573807 630849557 827939138
-396829234 -225311633 378565021
-559772527 -741162083 -509646098
250562000 -84220177 -389828464
-208440939 232999153 -159257506
-681339006 805300483 457202828
-681370841 -602032711 -363526067
4
-435634305 -396702681 -386645739
-829322722 -643928074 357772755
67217400 538856746 -654570183
-967849673 -788330474 666115119
-401504691 477139177 43701439
-47438137 196736028 -219438359
-425602399 -294671821 -482992043
-487351689 505765162 139316541
4
108418859 456675973 652829285
-86653545 -27347819 531162686
-451611033 -218466427 -225424394
-334244653 6371920 -180722044
-693651397 -710494932 -722252796
-194175585 275571060 169947297
-237473797 85380359 8983183
-253636089 486521571 -46531068
4
77609311 342282003 -108525606
497182021 -291963387 434228508
-206234198 -104319280 -688572107
-446428133 988793370 -838456298
-245919509 425479868 -572038200
-227726314 -336553617 -810963775
-114454119 781194518 -303886256
318906223 -60804688 289938548
4
27667740 -293135193 -431543589
-275129077 -383275778 -490400419
-546152165 -121374716 -721907771
236198129 -659836388 -300127472
-17115910 -317077887 -393635382
-797947524 -52377234 -505597189
789729761 -911287481 -148463944
-431630296 -52280985 -593883615
4
-75988504 -116457132 -134703827
109341170 -899278080 872201035
-214361629 990622215 -504629094
-256358131 320858281 376937730
-275526889 382039394 298712451
948471128 360251779 -861749186
648456110 -666260792 512977855
-103974793 239744696 467935149
4
-385489297 -575674140 97499659
141279174 -553567200 708840323
-818816255 -308295708 -448698258
-407041555 108353936 -437164136
-715653345 -284583920 -737705061
-361533147 763636696 -483421839
151692366 608050164 139059448
-116774757 69260068 313273189
