10
5
495304619 39154872 -464832339
631510318 -301662877 -325795883
-204719557 6911580 545863053
982211828 -520805192 -511467177
-51988422 125433933 36067673
926702858 -486119387 -482079159
-313070933 1920888 702300845
274935748 -78850672 -137015225
128809881 58924541 14364023
144236219 22984572 42040461
5
-229602640 -114135893 -17720864
298928246 638320971 -212027405
27077267 127879441 146116667
57759899 124045657 148222814
462488546 950529071 -390798455
-934972579 -779206811 -467955051
73319228 207672685 34562758
601548404 669530035 512798788
-829538758 -679796609 -400657158
-104315758 -131401537 228717409
5
32479729 -5347738 -46912180
994814382 61254315 25902212
-370937668 -99342499 -29294489
78207494 -2182973 -43452220
-129394844 -122216763 -105072857
-696616168 -215922109 -277341869
-503693368 -146863621 -130405565
594421672 33543605 -4393228
587447605 33060938 -4920916
-489556868 -141803331 -119638745
5
183733023 -17785639 -2852697
-495050292 -774519444 -477549007
251505516 -44927760 198270488
149886562 -143066231 143735579
241435773 46543611 37500803
274783983 83721481 60822343
782527084 -12503632 -40933928
129625296 -52369755 253172753
310779500 -41308496 171569880
877113144 755221248 482051657
5
-20554559 27246380 -91798055
-806343185 415586630 317509573
159599384 114990329 8315358
60370102 -12481906 -123916247
45100917 72019594 11381965
944488432 -446521486 -474814007
746407837 -67621408 -179519597
-103091988 196738517 92401778
97635799 -30776728 -138706631
941012245 -444814924 -473434343
5
41439892 -140156392 -84090009
220758105 -224927108 -48686690
855975243 -658173128 296401036
-298603299 -318343049 786282512
-214897413 72209112 -285360676
-181122403 141696999 -42392400
-164489779 206828211 -159713928
-18854745 -61500608 -178858640
-225187795 -30857397 268431624
-235173403 -69959751 338867100
5
-397395881 -608821858 -291518355
-103458774 -106305643 17374284
-84559062 168467093 950002380
-323550843 -538694092 -251235994
-103135501 -329374198 -130999745
-121504022 -368655787 -873089300
109026171 -127892494 -15265861
-92096878 58878845 578040152
-136382354 -128993584 30221278
586036647 325105838 244942661
5
49157988 228047292 122237219
-243486222 187256094 7117487
-22633229 -65623934 30062553
261976303 257711689 205955217
286678623 261154905 215672561
819017968 335356816 425083035
927206699 -256296080 249479793
-776991181 193666048 -92706975
-647338801 159433720 -66674007
28611419 -19038512 69050385
5
717861993 645062505 -239416689
166682181 -75405671 2423831
-451438826 -770009644 299720290
684524529 601485833 -224789249
-297259668 -387059951 127483141
-100994811 -425296487 119872151
113487609 -144938327 25763951
-95210086 114790146 -98231180
-26580648 12622937 -17725707
-399959124 -642144527 242211109
5
800543913 -559081103 344989918
-245853173 268469384 -455024633
509276393 -360925583 267533918
-832471828 551894413 -89273632
-711069122 469301557 -56989332
39691527 -213335401 236118092
-70440953 -27506857 -30450548
-41339652 -52301308 -12022123
-192284913 178082681 -325366078
-178763590 107162725 84565268
