10
5
-544288086 638348742 750093546
-115621254 61826695 -122786914
275848176 -816134909 -662059781
-31786888 -145472659 96642251
-122582439 44684061 316558904
-427528377 496239591 520022727
-165692968 176510597 442363403
-256190364 333347211 644724479
-160634145 171400543 -5882785
244566266 -349523825 -818603714
5
2361649 117265729 -98025553
609609 -115913012 75171067
-396604431 617977409 -290293905
-23860864 -69823404 59041577
-118153783 14359420 23232527
-49592451 182469329 -123063093
442938333 -345811116 196620409
104449711 -311493604 143616327
422931561 133287377 -48710709
-5114664 149950977 -108199761
5
-562756236 -850031150 -842905887
-74803131 -99876110 30617601
-149537070 -200003655 -43407511
-279211713 -389510420 -162028055
-468188100 -742495150 -737295759
-352341831 -484792985 -686396267
243665418 66972850 57675405
125581410 -718867455 781947929
-385257150 244556145 -750567751
108083073 -51604780 -115912865
5
-712894171 580129072 561933082
-53411027 -53486622 34879125
-268644343 -186337900 367446660
-81450311 180330758 -100392569
-363243503 34880090 323715373
-109676395 66616984 -18563962
533537017 155178492 -811074192
-485361403 306846494 453489031
-747940447 -163685486 902696817
-185048223 -150748136 244631826
5
-399788458 750451804 464236095
-471896702 243763622 -622105837
-245859082 192176896 -387107835
238506149 -73099522 -96550252
19901399 34958915 -211366741
121703441 4006892 -120451162
360975599 -50320673 128846495
50890612 119647907 -87882466
96409799 15829339 -135051469
129940568 106411201 3588930
5
69916430 -236225271 -148395446
210213254 -156966230 -145239399
138566340 -66981693 -83713069
135566060 -49175424 -136761392
107884494 21687849 -44713441
558849886 527418544 -220589920
701920910 750874929 -241715366
-19857406 -207291590 -33287079
-80268258 -220505782 -3891175
-886478068 -108298560 402061648
5
-87695212 121125139 -53270563
-4922577 43947478 124544037
86295132 -53428147 650857940
19526498 65542079 -769015373
-99366537 140044673 -313353673
-43983034 76466329 153517283
-39545307 71963567 127483049
-26760081 66167246 23292533
-52215418 88083929 41889955
-90273205 141791354 -474156074
5
-235078875 -154275689 331980358
-44127516 -105270719 -26388074
-7693497 15668212 35332993
397218489 74820260 -413992484
-2562826 -109031884 241565970
-8095243 14334658 34652415
14113324 -56415432 266623698
47138009 -98586380 145597196
271782324 756579688 653799378
-19765615 -131226967 -109660364
5
-8672635 43613839 4218858
-154301230 -53171471 -44999952
198590429 149393727 6365665
-85983190 -17678983 12969731
-79975337 -36532069 -85002776
-199693885 -116436957 -124269974
708913349 481165463 385247387
-133595290 -47558383 -9328669
-124185409 -68676877 -90223039
-83811509 -132214197 241432341
5
-696896701 155983409 13291800
453685259 -101998851 -20087780
45660018 -113295088 -64355623
660942949 -123562383 -95434068
-90161097 235477673 -946498894
-108170629 23979877 -3787756
-108669845 -53748958 -129308991
287673291 -45337294 -411597199
8021284 32800197 -104231538
-50174907 132797807 -686792968
