10
5
-90867801 -190213711 30976948
-74539011 -184317698 26552148
-67680247 -153141400 30427940
-165063876 -89357006 44032817
-792885836 111554454 299599362
493872228 -300225410 -224199316
261251182 -847467135 -253722984
-22982630 121660059 37443360
-74577647 -131818108 37055160
-42886363 -144450678 23656932
5
16311042 -433177228 -210257268
326134550 852362386 373735934
-207781593 -168813848 97654577
19814478 15950278 114532362
-204791245 -154323127 104816203
-202131521 -189709481 75841497
-203930783 -130390847 121346154
6873926 -26285197 98529626
28223134 -946780675 -600026546
-215530379 -154066659 117385812
5
21482634 136024152 140942633
-343817695 -249574928 579624061
-711382646 -991497640 873409833
-125519482 -260560970 111776245
-149850984 -294524592 137542049
-117483413 -257220418 99981297
-51630960 96408222 244408541
-92612190 -221443824 74085881
-132649422 -286318188 112734785
-77177609 66158012 273717309
5
-76809682 -226578575 57791296
-66169708 -218838699 58082519
142011601 257619150 -260687771
-87463684 -229423703 31048489
-513345803 -283198946 66990931
480964933 537332318 -430164437
-127594900 -259477187 34591527
-194575499 -8239060 -156580292
-88207559 67295000 -143737812
-111152446 -251673081 57457571
5
99625836 -14181016 96671763
167724226 123606585 -114855939
156294492 133372597 -98115505
120328756 74692917 -105496617
179207773 133814778 -118227387
-409312441 -200793003 424634447
188586149 -879132493 -563563813
137349323 80067885 126379523
142782632 116909901 -97138661
-2372034 977533214 853668003
5
129106985 68511859 41649848
10909352 -146267605 171725001
11180036 31559254 28819984
127589985 93738292 22929129
140013493 85155347 17419404
8363756 -47482057 95028657
126901022 64244791 47273207
404309208 124018225 -437540209
3685763 134054252 -45914745
145801825 113873679 -11390212
5
-5586746 -41941717 26111818
83677341 -39877590 -113016597
23443417 -116286118 -127998226
-42334022 -24959065 35049601
-26281874 -29425183 31984555
-115517923 -418656204 -198403492
-27757236 -4545010 39221805
73160517 157124022 -55842261
-27907694 -28561389 32411949
-339806043 -906691352 -312039880
5
-201279498 -413505348 209857658
-37017497 4045779 -161638135
-164485048 -99366758 31810748
-27900267 -19971043 -148404747
-18895918 2351916 -161259807
-33566677 -25260289 -145246663
-38903105 -3210565 -157492511
-136878238 136330864 -101777530
-109193850 -47001884 570564
520856454 -952699196 490525548
5
157650664 287999907 -81089053
7440568 -255680553 412838952
-134882444 -262838811 -62132520
141038581 268824138 -103289550
-122401118 -262211052 -20478864
146553347 293299705 -128740438
1681158 -9480118 -53104008
-29359427 -71804418 -46572113
145132869 275905754 -102086814
142108137 257842724 -79720670
5
-119028117 47725994 152430954
-78448417 33823514 81003522
145278330 99758513 -439629195
-149217960 151389433 66106145
-100072369 43192010 119568054
-102425887 57698514 127223158
46152474 117137201 -269401419
166324088 38937049 -490418455
-41112412 131379049 -119813455
-126143828 46858662 164108476
