10
5
59979461 -576149849 -849544269
-725323820 -948124770 900142931
301155074 420047310 289900905
-128766860 -286042012 370855289
353287718 90262044 -265133397
531346057 484413075 -562396429
-196271080 -154964559 303882780
567257504 648946258 -33386877
-112510134 165798203 528554848
266282009 826003451 507220779
5
24977540 227335130 -235214094
72170631 210806859 -121764921
943907654 -641751360 538718292
844021735 -767683789 -15686013
213694615 -272970917 -629614761
207607682 -61702458 -602052354
870705900 -920949756 133640400
243015308 -122845068 -612133020
120846749 371126859 -24603969
120292658 408828488 413592336
5
184982890 287081347 -456161911
-50992210 -248750085 525676732
860014950 637657080 -284465853
-404812390 -717065350 732292421
-38646902 -2488071 -319975365
475204738 468118967 236163036
-707085246 -237925737 635821645
114859094 96059128 -500737436
164164670 -136541590 249746897
20054046 433975186 -41816262
5
876474252 252008752 -83645139
-140931074 472537896 3745937
356690264 157162232 -84876673
-447846142 248660768 40954759
506115912 774418228 -36258744
-8251882 579089480 -14547155
365904140 -69944272 -33153427
-254471194 336292988 -152006004
-886971104 -110760504 -78560805
-647032630 908245376 -116783461
5
533005635 -406062077 178366192
-171588820 -399390610 897010514
-214794526 -440021563 202611565
-78795746 -446482860 293428855
312177875 -399517915 -30647568
812744441 -429399883 208505231
-399199427 -302290386 483344549
-385521160 -448629055 -172083596
-858580396 -343814056 795906990
-929046829 -298927849 -210558264
5
447040298 -291090306 103474555
-153626071 440683025 279386035
-573609646 -694431787 -914150378
36139329 -658515557 -76988463
-44528677 18254259 -383474555
306815898 558966895 387824954
190949823 -66922122 -115201154
-385625946 190596313 -170494338
-201483402 585267300 -278803511
97518579 -854110505 -103396605
5
177798158 347266675 -807556105
4592602 -988267561 -215621179
853366786 835145271 -584234605
-328954173 -766531658 -652447661
138073629 399634348 -434537069
-267575773 -451458554 -205769113
376879484 -110408935 -175585472
174367051 741172134 230631333
372541245 -42876216 24846966
475976658 41111599 -377168799
5
-24056455 584593006 -700982243
148765839 -280239682 -282104133
-112153869 -185293834 -479862806
377778322 -646908718 478244428
472058017 314684182 -139863944
733052202 324044362 -158118624
776409147 -139462642 -570930673
-543178347 663511750 -866667212
448690573 466532590 -454437177
938505197 -715637578 623006663
5
279401238 -382292526 -487568607
496124782 698250898 -766884889
-262463211 -690860381 -895162479
-544947091 747838651 987530299
-117369794 925726290 -44379289
-286243897 -17596155 -460760603
-747353327 -549419661 -347568847
-316789435 -930036861 -255665141
-745477201 -541154347 389828287
243561424 -201111520 -342672595
5
93301454 597470087 316245757
66827457 299234256 -231298197
-256998482 551008475 445344105
288545113 682896000 -560742519
-84430010 421084451 488609375
103523782 994548440 35746244
-593471775 -377548563 424082304
-446618567 -237100797 285366100
114507390 485278586 388853980
-406033831 -304257780 321136917
