10
2
-92899277 77348628 56208108
-112595519 60196041 15494442
-114314855 125071811 -107146150
-99085481 138334400 -75665848
2
190842703 8636552 40038251
52429279 133626440 -46589413
260446927 -52082738 -22832303
142950903 54018350 -96368567
2
74705247 -17210888 52903940
73166224 -15328652 31494282
23574971 -74157722 164561585
33713892 -86557694 305606151
2
143491426 118297929 -6671137
45730346 259260049 -185504777
255144234 36214876 6652547
274823826 7838788 42652283
2
-115829308 245678942 -107268103
141961804 190604376 -126145498
37636118 124993613 -70395103
51213556 261968868 -147949498
2
-73001351 20761651 135682449
40339628 126188650 7159930
-48929213 190921742 -46063517
47993408 180291360 -50626530
2
-105634148 -212726303 121031742
-156311104 -200130758 73137679
-115993944 -121649238 -5917921
-60044744 -123981815 31638102
2
-18873739 -40586107 100694988
39236565 -45154424 60784557
44928761 67108893 201991638
-55973685 -205863924 -90376908
2
-32530353 -69990487 -100379767
59910481 -78009035 -143045112
55440661 -80434967 -144345768
38675577 -31344469 -79659823
2
39789190 -109528864 -57263045
53217920 -19665103 108910181
9605603 7413809 57599138
59314687 -121652256 -34290782
