1 10 0 -1 -1
2 1 0 0 0
3 2 1 -1 -1
4 2 2 -1 -1
5 2 3 -1 -1
6 3 0 0 0
7 3 0 0 -1
8 3 1 -1 -1
9 3 2 -1 -1
10 4 0 0 0
11 4 0 0 1
12 4 0 0 2
13 4 0 0 -1
14 4 0 1 1
15 4 0 1 2
16 4 0 1 -1
17 4 0 2 2
18 4 0 2 -1
19 4 1 -1 -1
20 4 2 -1 -1
21 4 3 -1 -1
22 5 0 0 0
23 5 0 0 1
24 5 0 0 2
25 5 0 0 -1
26 5 0 1 1
27 5 0 1 2
28 5 0 1 -1
29 5 0 2 2
30 5 0 2 -1
31 5 1 -1 -1
32 5 2 -1 -1
33 10000 0 0 0
34 10000 0 0 1
35 10000 0 0 50
36 10000 0 0 1000
37 10000 0 0 -1
38 10000 0 1 1
39 10000 0 1 50
40 10000 0 1 1000
41 10000 0 1 -1
42 10000 0 50 50
43 10000 0 50 1000
44 10000 0 50 -1
45 10000 0 1000 1000
46 10000 0 1000 -1
47 10000 1 -1 -1
48 10000 2 -1 -1
49 10000 3 -1 -1
