10 100
0 25 50 75 1 26 51 76 2 27 
52 77 3 28 53 78 4 29 54 79 
5 30 55 80 6 31 56 81 7 32 
57 82 8 33 58 83 9 34 59 84 
10 35 60 85 11 36 61 86 12 37 
62 87 13 38 63 88 14 39 64 89 
15 40 65 90 16 41 66 91 17 42 
67 92 18 43 68 93 19 44 69 94 
20 45 70 95 21 46 71 96 22 47 
72 97 23 48 73 98 24 49 74 99 
24 41
4 31
24 28
21 25
2 41
6 37
14 48
1 26
20 39
20 31
21 46
4 34
9 46
4 35
11 35
11 37
2 41
19 28
21 42
3 48
10 36
12 25
11 38
3 33
4 48
14 26
19 45
12 30
19 42
16 30
4 27
18 33
20 37
12 42
6 40
15 42
4 30
17 40
18 45
24 48
21 40
1 42
11 38
23 30
5 41
10 35
20 30
20 41
17 32
8 26
0 25
18 29
5 37
21 26
7 45
1 30
11 27
23 47
15 46
4 48
12 39
10 32
20 30
0 39
13 35
15 38
13 35
19 43
22 40
21 32
13 47
12 49
1 35
23 42
8 27
17 47
18 27
7 40
7 32
7 47
20 49
12 33
10 31
3 34
22 25
16 35
24 31
11 26
18 36
20 27
15 37
1 35
14 33
1 48
18 35
21 38
9 33
21 46
17 49
6 41
