10 100
0 1 2 3 4 5 6 7 8 9 
99 98 97 96 95 94 93 92 91 10 
34 35 36 37 38 39 40 41 90 11 
33 72 71 70 69 68 67 42 89 12 
32 73 54 55 56 57 66 43 88 13 
31 74 53 60 59 58 65 44 87 14 
30 75 52 61 62 63 64 45 86 15 
29 76 51 50 49 48 47 46 85 16 
28 77 78 79 80 81 82 83 84 17 
27 26 25 24 23 22 21 20 19 18 
27 48
21 40
11 43
50 55
5 14
45 49
37 42
22 31
6 39
18 22
27 56
20 47
0 48
44 51
6 42
33 58
21 35
14 23
9 36
20 41
10 24
2 31
7 57
8 29
47 50
19 31
49 51
11 42
8 55
2 31
30 50
30 35
51 53
28 53
4 18
15 32
33 46
31 38
12 58
39 49
1 15
13 54
8 29
8 37
9 37
11 32
39 50
3 36
1 49
5 53
20 24
30 57
12 13
15 29
13 26
5 31
23 29
26 41
8 52
34 49
5 21
1 7
14 56
37 46
15 47
39 44
8 19
20 41
15 32
35 58
29 45
3 30
13 56
10 44
9 38
30 44
44 51
36 45
10 14
25 32
6 21
10 15
40 55
13 39
12 20
17 45
10 51
23 48
37 53
3 37
16 22
5 34
11 18
28 50
27 29
36 57
12 48
33 55
9 39
21 51
