9 99
32 67 54 25 16 74 64 66 9
52 3 50 60 45 26 7 70 75
21 55 31 62 4 24 41 65 17
6 23 38 12 44 2 56 27 15
8 5 34 48 43 37 59 61 36
39 18 72 14 58 53 19 76 10
28 13 68 22 0 20 49 69 71
33 42 1 40 57 47 63 51 35
29 80 78 73 77 79 46 30 11
34 78
0 54
35 76
18 53
55 65
16 74
48 67
20 50
44 80
55 78
2 33
7 12
38 49
1 64
9 60
6 80
29 53
23 41
8 41
13 79
25 46
8 72
32 57
11 29
42 73
41 67
60 79
28 48
31 52
29 61
27 29
68 72
10 17
32 41
51 62
11 39
27 47
20 75
39 65
5 47
7 42
7 22
22 72
50 74
15 38
55 65
58 60
12 73
40 68
12 21
48 65
20 75
34 58
20 64
0 63
6 24
20 28
5 15
38 53
12 20
15 54
46 70
28 73
1 5
27 46
29 46
10 24
2 69
38 74
9 68
20 74
33 40
38 48
46 76
1 21
10 23
28 33
56 61
20 77
1 78
26 39
63 66
65 66
54 59
23 57
4 59
37 66
23 35
16 21
18 58
33 57
66 68
4 59
24 46
43 55
30 41
5 24
15 71
8 69
