10 100
86 36 65 99 79 1 54 55 96 7 
76 5 67 31 28 59 43 14 38 49 
41 35 68 18 85 0 70 12 11 94 
69 39 48 27 21 61 10 52 95 26 
56 58 80 60 30 63 40 34 25 97 
22 53 93 17 44 32 71 74 87 9 
4 2 72 51 88 37 78 6 89 24 
92 33 83 66 42 13 50 98 91 15 
82 20 47 46 19 81 64 23 75 45 
62 57 90 8 73 77 16 84 29 3 
8 19
69 74
81 91
1 23
27 28
5 26
44 79
60 78
18 96
37 94
28 93
34 76
65 95
8 53
16 64
24 33
7 35
78 94
69 89
16 32
58 97
73 76
52 54
24 88
0 77
18 80
23 95
14 18
12 19
26 76
11 35
1 23
71 95
12 53
64 85
13 80
54 95
2 41
58 81
10 26
45 59
34 90
4 92
4 52
31 75
11 33
34 94
65 86
39 81
29 97
10 77
24 62
3 16
36 53
36 47
50 78
42 81
9 98
17 31
11 72
10 17
29 98
2 58
47 79
9 20
55 88
64 82
1 14
2 87
37 48
30 32
31 66
16 29
28 85
52 61
30 48
63 77
29 65
76 88
60 96
38 51
2 49
33 63
3 72
4 18
9 50
34 40
2 69
22 97
83 87
1 35
64 65
65 94
29 53
23 77
13 61
14 29
14 15
19 30
48 87
