10 100
69 80 92 55 93 58 10 94 77 76 
65 85 2 50 44 26 49 48 4 43 
46 74 45 75 38 21 81 24 71 36 
56 30 60 3 64 66 25 67 17 61 
97 34 33 40 99 27 12 95 28 47 
8 7 37 9 57 68 73 1 35 62 
51 96 79 52 98 89 87 53 13 39 
42 23 31 41 29 54 19 82 16 59 
83 0 72 20 90 22 78 5 84 15 
70 6 88 18 91 63 14 32 11 86 
23 48
9 50
41 71
2 20
22 98
63 89
54 86
10 68
59 85
25 45
26 46
13 39
21 93
7 69
32 72
68 73
31 43
36 64
33 34
75 86
24 98
8 29
41 92
90 93
66 91
57 68
4 61
79 89
0 45
48 78
17 72
51 68
40 48
34 84
70 74
9 24
90 94
39 84
29 83
1 29
72 97
29 59
11 90
8 18
66 90
15 86
83 90
35 84
19 30
56 70
31 41
81 87
17 73
26 57
7 47
19 58
57 69
48 68
18 59
2 28
15 85
20 69
56 57
56 87
75 78
68 95
9 28
55 83
34 46
92 93
41 50
50 64
65 72
31 70
83 99
20 85
6 14
71 93
1 62
10 89
5 80
57 89
34 65
24 32
68 99
25 92
41 71
6 13
26 90
26 62
55 70
33 49
11 57
74 89
32 69
55 78
55 97
48 87
64 75
40 46
