10 100
0 1 2 3 4 5 6 7 8 9 
10 11 12 13 14 15 16 17 18 19 
20 21 22 23 24 25 26 27 28 29 
30 31 32 33 34 35 36 37 38 39 
40 41 42 43 44 45 46 47 48 49 
50 51 52 53 54 55 56 57 58 59 
60 61 62 63 64 65 66 67 68 69 
70 71 72 73 74 75 76 77 78 79 
80 81 82 83 84 85 86 87 88 89 
90 91 92 93 94 95 96 97 98 99 
22 51
7 35
43 57
69 88
36 43
4 17
18 36
51 68
63 86
44 53
18 27
38 54
1 87
14 50
44 45
16 47
3 19
54 62
12 94
1 32
37 88
18 26
58 86
29 45
1 73
81 98
44 89
45 87
37 76
12 20
80 83
2 19
73 83
17 48
19 49
8 49
19 89
34 48
6 64
59 93
43 89
40 85
32 80
8 31
17 95
52 80
75 99
10 55
24 72
58 95
59 73
4 62
38 79
37 62
7 54
44 96
51 89
29 83
12 69
38 92
7 72
34 91
24 98
45 48
55 70
44 95
15 48
9 94
38 72
31 45
30 41
20 22
66 89
35 58
80 94
71 82
6 81
69 78
55 91
33 51
48 86
47 51
41 94
25 71
3 86
5 27
25 85
50 51
37 67
47 61
44 83
64 70
39 50
42 57
30 76
60 68
11 76
15 71
39 53
39 48
