20
18
YThWnFcVfrNTLwHgIdma 998940060 998939062 1000
YlqxnahsUwQPFmDmqASJ 999940000 999939001 999
UNUAWynYNLKfJZFStB 996943171 996942175 998
KRvYwir 997943114 997942117 997
ANlVbhxxfMxUY 994900500 994901496 996
zJJgbCiRMbMN 995900400 995901397 995
EvWgIjd 992929497 992928505 994
tbkAniVn 993929426 993928433 993
w 990916756 990916757 992
dzdLsRO 991916672 991916673 991
lDK 988948572 988948573 990
Crslw 989948520 989948521 989
XofnWcCQYbqBaTo 986927949 986927950 988
NCcr 987927876 987927877 987
eXhxQvtUBtkIgjkK 984979315 984980301 986
JlpmolDjyFLR 985979294 985980281 985
vUAskvO 982984272 982984273 984
Y 983984256 983984257 983
16
PARZbCLQRzdUKb 980904843 980903863 982
Vt 981904746 981903765 981
QTnlfKzM 978918743 978918744 980
iFsx 979918660 979918661 979
yIolYF 976981437 976982415 978
eZWFa 977981418 977982397 977
ZfrUucz 974962950 974962951 976
DnslskKZVI 975962912 975962913 975
uiqGMrdRuwUvbL 972909511 972908539 974
yPqf 973909418 973908445 973
zfWjpYgxFSTnkabEfty 970992232 970991262 972
NVfAMdrCkJIjoHuF 971992224 971991253 971
CkUWAFY 968938953 968937985 970
JfwjGlENNsSE 969938890 969937921 969
pfNdmHiRKNd 966982594 966983562 968
LFLjJwq 967982576 967983545 967
20
TLmgD 964964295 964965261 966
NaHCF 965964258 965965225 965
TESMOfRUqXgBgcrNk 962936442 962935480 964
I 963936376 963935413 963
RbieBRIiOQB 960985585 960984625 962
jpIqGEJ 961985570 961984609 961
mlNGbZWLUAcXK 958941501 958940543 960
Acr 959941440 959940481 959
HLM 956973204 956972248 958
cwJjASoNECaKFbI 957973176 957972219 957
kVvXDvzW 954930285 954930286 956
tGtFYWdhFdb 955930212 955930213 955
IXs 952993329 952994283 954
cTD 953993322 953994277 953
PqmmVJNsPGylLWHo 950965764 950965765 952
ouHlM 951965728 951965729 951
FK 948926927 948927877 950
ApiTEAhTWr 949926850 949927801 949
inMTaKC 946992424 946993372 948
qSlaExRpeDCHsNaZNIsj 947992416 947993365 947
18
Jn 944907390 944906446 946
FOwHhO 945907292 945906347 945
oGrivyl 942910415 942910416 944
FGOffEnznOzNAPaFFy 943910320 943910321 943
NOEdwXL 940979298 940978358 942
VxtCDjiKnxlbokQo 941979276 941978335 941
tgR 938990610 938990611 940
SGwyjUWvoTUJWzsgJg 939990600 939990601 939
jRGbFKVaqmI 936973764 936973765 938
UgHgAFDQZXZvWS 937973736 937973737 937
agdlaLMHVhiMwSxs 934993455 934992521 936
EYaKbrLysiwmlfMRIxr 935993448 935992513 935
ztvJhT 932969211 932969212 934
eLZLkbxL 933969178 933969179 933
mnqKZbqOUanoW 930956243 930956244 932
nswYZPzEaA 931956196 931956197 931
boaywMlOymR 928934041 928933113 930
AlPQBNRoF 929933970 929933041 929
18
EnnG 926992584 926993512 928
eVrSvpqjCghoxyRKNJMC 927992576 927993505 927
kPRTvgGBwkyne 924990750 924991676 926
EwcicmWBkPLZYz 925990740 925991667 925
EnpVGkB 922913238 922913239 924
OZYMoeisC 923913144 923913145 923
eYZfIoThpSlPWAF 920975133 920975134 922
jRxXHWYwLCGf 921975106 921975107 921
iLRHT 918971511 918972431 920
XmjogwEfYl 919971480 919972401 919
eXfO 916971573 916971574 918
DmJhsoOkyadFVfF 917971542 917971543 917
tPmZWmKxupwBDSE 914994510 914994511 916
DNJUcVSezA 915994504 915994505 915
FiUaxiAwwKtqbpr 912937003 912937917 914
kXXPlIjpeCTdCSjjcfJ 913936934 913937849 913
JxlwSEzIvGUvFjgOvV 910915277 910914367 912
xQxbigKmL 911915184 911914273 911
20
hlNdD 908994546 908994547 910
EnpmjksvQiqNCP 909994540 909994541 909
SnHcBuzoWgBjlhdq 906931975 906932883 908
SEgCwbuGtjIko 907931900 907932809 907
DqGEkFs 904933030 904933031 906
OWS 905932956 905932957 905
vRzpWfruiNBDwlnk 902977425 902978329 904
RP 903977400 903978305 903
TYFnGTJA 900918910 900918911 902
MXoMMKTDgCsJFovVAsm 901918820 901918821 901
mKDrymmjOIYmwkyifePh 898950555 898949657 900
YPnvknnWfTIRybP 899950500 899949601 899
zbWzNu 896933622 896932726 898
ndORUYQUnDQzSfVZyGrZ 897933548 897932651 897
lzhoVgBrrRU 894982995 894983891 896
iQi 895982976 895983873 895
VddUYIRxjzokJXVIgK 892944634 892945528 894
pnwIEtSPJA 893944572 893945467 893
VvbRTkL 890967033 890966143 892
vKhfv 891966996 891966105 891
20
oOkdeJOKegZP 888935103 888935104 890
rmemNwhZjZwtib 889935030 889935031 889
gwDuhIASWLwfkLM 886990243 886991131 888
ZqRnOyoxAlTiokZUgErp 887990232 887991121 887
jnCfSPTGuswM 884971680 884972566 886
nmwMmJHxxrySAelRScBF 885971648 885972535 885
zWDFQweEf 882933775 882932893 884
rDFdMN 883933700 883932817 883
gAEIepaZRDeYneW 880964760 880963880 882
LPPpTuiKyQQmdSwl 881964720 881963839 881
uZRUy 878990331 878989453 880
zFjmLGFWxUoQrWbR 879990320 879989441 879
DrlcdgEziWvIhuNQIYyO 876955273 876955274 878
vKLodJruYKar 877955222 877955223 877
wgivOEqWlkkCVkc 874973750 874973751 876
jAVuozgfVERvXoZU 875973720 875973721 875
PKMGhaqtEnFgypgUL 872973810 872972938 874
vrDQXUovl 873973780 873972907 873
hxesmkZM 870915513 870914643 872
SQqXYpoh 871915416 871914545 871
20
grJYPFMmqCBYbH 868975668 868976538 870
NURZzLRpKSGzzTzEz 869975640 869976511 869
AJ 866920236 866919370 868
ovNqYlSg 867920144 867919277 867
cWhbhasssbTT 864980105 864980971 866
uYW 865980082 865980949 865
WWkKRy 862994822 862993960 864
SL 863994816 863993953 863
ReCnndxqVRi 860947479 860948341 862
keTeCpqrnoEZiCeAp 861947418 861948281 861
GIE 858957909 858957051 860
XhTpekADweWCInszaJf 859957860 859957001 859
hGTzjVFTZDrGWIMiIPem 856916871 856917729 858
IWABWC 857916774 857917633 857
edLkwKTRrnSvGYtOMc 854918775 854918776 856
EilRrIuUGYGjCLWmjIic 855918680 855918681 855
uXbuQRGUQKfeEy 852971851 852971852 854
aSUyAfB 853971818 853971819 853
PWOxyqSUpVO 850919155 850918305 852
nUC 851919060 851918209 851
18
Jn 848943966 848943967 850
XNBrLBzoQFEm 849943900 849943901 849
MKYgbt 846972049 846972897 848
JIToQaxZphxCiQp 847972016 847972865 847
ecwKrQnDCLMd 844981410 844980566 846
iPRBDhDAjshgusYMEQ 845981388 845980543 845
oczEPDiDroMZD 842981454 842982298 844
DinGKy 843981432 843982277 843
e 840915059 840915901 842
MChQuzYjbAPTfayWOK 841914958 841915801 841
rabGhlEIFi 838950499 838949661 840
RNPJjOKSSKKNpk 839950440 839949601 839
axKv 836968194 836968195 838
l 837968156 837968157 837
uLbe 834969940 834969106 836
KjKzywKpidjUPw 835969904 835969069 835
jYBIKYwvWTRh 832923364 832923365 834
vahHNIhJSyTXhnmF 833923272 833923273 833
18
Y 830949309 830948479 832
wiO 831949248 831948417 831
MQz 828986736 828986737 830
LvwUeJc 829986720 829986721 829
vKNuTchZAWN 826987595 826986769 828
pmjDH 827987580 827986753 827
XQmLn 824990100 824990101 826
fRskFmHrcBK 825990088 825990089 825
jhhZJyLUBul 822973664 822974488 824
tCfERqMjiw 823973632 823974457 823
fHAgRhTdOcCXapsDL 820935962 820935142 822
xEjElBuxMEVcdA 821935884 821935063 821
IcKbhAfLAFcsJn 818954955 818954137 820
is 819954900 819954081 819
dmJ 816964869 816965687 818
yNXCqzNUjRGnzHS 817964826 817965645 817
Ynbh 814939690 814940506 816
APu 815939616 815940433 815
18
XmBV 812969919 812969107 814
AzSbMOLeVydEQ 813969882 813969069 813
QeOxhqoDEuDb 810982158 810982159 812
gZIJY 811982136 811982137 811
NRXrO 808986247 808987057 810
wSOnFe 809986230 809987041 809
EbmUeqOJtXSSHDTK 806946738 806947546 808
gcnzqkvl 807946672 807947481 807
qFcmlfYFKqwvjvp 804945260 804944456 806
CsxpIFtvELfzwGJPLOB 805945192 805944387 805
BdfrBbCwsgblFs 802967077 802967078 804
KlQOwvpVdbkQpN 803967036 803967037 803
OSO 800956746 800955946 802
vRLsJsvWZnPkAHawDQ 801956692 801955891 801
rdZISpqIHgpfZ 798964844 798964845 800
zj 799964800 799964801 799
hWJ 796926676 796926677 798
GJgJhLZbUs 797926584 797926585 797
16
zKSHuzZZYCYjz 794929245 794928451 796
tVDSEMy 795929156 795928361 795
KOwGidbKElcnfDogEq 792997621 792998415 794
nRagPdaTRZILLWjRE 793997618 793998413 793
OsFSI 790938302 790937512 792
WwtaPapgAyvGYqXxyK 791938224 791937433 791
uBAiVqDDl 788958183 788958184 790
QHjl 789958130 789958131 789
nyHQYeWxVVWTgHQ 786924448 786924449 788
ksMGLrJ 787924352 787924353 787
BDq 784926210 784925426 786
oQeOXunesMbNiuV 785926116 785925331 785
XCHkISb 782930313 782929531 784
OiWtYM 783930224 783929441 783
qvokKSEWtSFPnWenY 780936739 780935959 782
zIDadR 781936658 781935877 781
18
IMTxeOlrZfvXYNEPdbt 778932227 778931449 780
berMJtpCeRMmF 779932140 779931361 779
jWYaXDyuDLzvQCoIFvzR 776964258 776964259 778
tjjzAvlhDZsBxvYdt 777964212 777964213 777
EVDxz 774932575 774932576 776
h 775932488 775932489 775
JWvChedJCqqhPjip 772931976 772931977 774
iSXEaDaGcZaKGpT 773931888 773931889 773
xmTCwxsOeIxox 770962221 770961451 772
yrCCtiEzmeZY 771962172 771961401 771
TpDsEyuAvnOBXoR 768955398 768954630 770
T 769955340 769954571 769
ytgIyguEFTQY 766937873 766938641 768
iDHmBBOYQcBnsSjoJWm 767937792 767938561 767
ucLQIsLZQaHTJVUK 764993880 764993116 766
UbnV 765993872 765993107 765
PawYwiDbEHmwQfIpv 762967191 762967192 764
YrTtnFEIIrdzzVZ 763967148 763967149 763
18
FYZlgLiYqS 760949013 760949775 762
OcNhXiUEmc 761948946 761949709 761
iodDNAYmGZ 758999241 758998483 760
rFzBdpTSfXHMupJzDlog 759999240 759998481 759
l 756955337 756954581 758
RmbDUArLFqN 757955278 757954521 757
IEngnbCEkdHyRPVVBwOP 754931295 754931296 756
SLXJyEbL 755931204 755931205 755
wWxclBG 752926206 752926960 754
lkwLdnhboFpfcH 753926108 753926863 753
spHvcxeYvbcgcLxq 750982727 750982728 752
tdAIKbZrREvAXWVo 751982704 751982705 751
QCuRZyVFCgCsD 748961801 748962551 750
yggkHFcA 749961750 749962501 749
BIWWYbOp 746927541 746926795 748
Jif 747927444 747926697 747
NlMrGrrEXXoHEsHRQkCO 744998510 744998511 746
apx 745998508 745998509 745
20
ZbRhoCV 742959878 742959879 744
kMWQMVFvBZev 743959824 743959825 743
xfZzVWrQ 740928123 740927383 742
srxZfcunojJFvHKSI 741928026 741927285 741
DdLcI 738936446 738936447 740
cdjTuQnlpNtRHg 739936360 739936361 739
RnpYZHJkEMNPRWctzoo 736980838 736981576 738
gbjVocPYkx 737980812 737981551 737
kgCJnLtTzjLQFn 734994120 734993386 736
gDZejBNFpR 735994112 735993377 735
Bt 732978743 732978744 734
edQgODrHzTqKjXZVg 733978714 733978715 733
KMvXtNQ 730970760 730970761 732
CRKmvn 731970720 731970721 731
diXlh 728982504 728981776 730
DraDQvjVRVK 729982480 729981751 729
fakVEdfTAvVEY 726962923 726963651 728
clMSRDUwwPHthcDWwjYI 727962872 727963601 727
lnXlitqjY 724967375 724967376 726
UlMNQhJoYQi 725967330 725967331 725
16
DQwDYEIJsf 722961681 722961682 724
aANlBHimTvec 723961628 723961629 723
BxdK 720944483 720943763 722
qOK 721944406 721943685 721
jTBULJrOlEzmnhAHFf 718959017 718959737 720
myMjbXdt 719958960 719959681 719
gGzckvntn 716959848 716959849 718
eTdtHmtqrY 717959792 717959793 717
yOpBNSvaGDIhfs 714976405 714975691 716
TlQwsLBlSoeIHf 715976372 715975657 715
dA 712937256 712936544 714
fNUaPbdXIJQlEddcVpG 713937168 713936455 713
Wpsd 710992890 710993602 712
eqZesgTNGiQMFAxVO 711992880 711993593 711
ThYInHslYMrU 708994328 708994329 710
htYCarrIBjUGjtE 709994320 709994321 709
20
tEfBTOVF 706958994 706959702 708
JwGDFcb 707958936 707959645 707
uymvhjetcKSzRLfYpyn 704944305 704943601 706
fZYbIDhMfQqBrcZAnft 705944226 705943521 705
orKbyi 702950790 702950088 704
YVHEXHfHKoTRFJTwN 703950720 703950017 703
B 700977568 700978270 702
StQikCJKkeiilmhs 701977536 701978239 701
CiHwnsPLFLkiK 698965050 698965750 700
bCknEVxQzgy 699965000 699965701 699
fEovjXefmWWychimrMO 696967938 696967242 698
wdZRbR 697967892 697967195 697
sddziuvRRZYf 694939535 694940231 696
udAbnmSzcPvGQ 695939448 695940145 695
hiUZLx 692978517 692979211 694
VTwOMVmstgVVHJIBIM 693978486 693979181 693
ugxDqfXPSxQQQ 690953012 690953704 692
edKRVDZSZhDJKoVDU 691952944 691953637 691
tvBYTtSs 688944880 688945570 690
iIypNIGKnfFooI 689944800 689945491 689
20
vesnplKrl 686947101 686947789 688
kExVOivDXflivtnjJX 687947024 687947713 687
U 684971915 684971231 686
O 685971874 685971189 685
EyFvjLHPIEeScJqH 682952873 682952874 684
ACQnOZKX 683952804 683952805 683
DYTyctD 680970036 680969356 682
cqGsbLytnHjW 681969992 681969311 681
BuyPUlmerRCK 678971482 678972162 680
ffueIlNcMYChnlRl 679971440 679972121 679
mmbBioPMfgrSvyxSc 676960734 676960058 678
fplTpnAEBRqRWEfZGO 677960676 677959999 677
CUCtmZ 674956800 674956801 676
MTwVyNHRfWSL 675956736 675956737 675
BQhGwiomvlosnKGpFSkB 672948179 672948853 674
jrXcytWJRiLhrtFaJ 673948102 673948777 673
uIpKuwzzqL 670945649 670946321 672
Guwdzu 671945568 671946241 671
DQDqZX 668956515 668957185 670
HZUa 669956450 669957121 669
20
oZEMAgCLlli 666936635 666935969 668
OhDNeiFiBHhMOGJoEY 667936540 667935873 667
ZfgBL 664994015 664994681 666
oYwy 665994006 665994673 665
Hkc 662978784 662978785 664
vJwwQdIeLRvrRuM 663978752 663978753 663
sv 660971577 660971578 662
fkNbKvqSfSgCbcyshH 661971534 661971535 661
AVjuPXoRskGXw 658942008 658941350 660
biORAWjg 659941920 659941261 659
kXeRGFliaVESstL 656967807 656967808 658
FRkdkLLbcoxnUxZFU 657967758 657967759 657
ClklnhRFZmQmTJywuJk 654992140 654992796 656
lY 655992128 655992785 655
UrZBoFAqqkDGR 652935353 652935354 654
LSjEgDNebj 653935254 653935255 653
EALacgSC 650988282 650988283 652
iH 651988264 651988265 651
ytEEmBrFM 648992861 648993511 650
NrlsTUHGBkSDMyxOHfyR 649992850 649993501 649
16
McZpvGBTTtgnocvuFHM 646997412 646998060 648
vm 647997408 647998057 647
uOknWIZiMaX 644992260 644991616 646
gACAVKnJPKEU 645992248 645991603 645
FpDQbZeLocvNK 642947917 642947275 644
oJqU 643947836 643947193 643
wfHkoWWsTolAdQQgRW 640961540 640961541 642
FyOSIViR 641961480 641961481 641
DkbK 638980191 638979553 640
n 639980160 639979521 639
KvJagKfYaLpZeuX 636970061 636970062 638
o 637970014 637970015 637
XBceENFOhVRvHMhhsr 634959360 634959996 636
QtzFSFbSZPaOm 635959296 635959933 635
QgH 632948727 632949361 634
WovnMCztjTMXLFysADT 633948646 633949281 633
