10
4
13764098 -68640315 -236384394
-7741412 -53362645 -180528454
-259169399 -166353009 254659405
-13133812 -49531845 -166522854
-47094882 -25405655 -78316274
-119436457 -96885638 109307947
757234451 645595441 -407203895
950866813 800277555 -533293691
4
26955349 -36589419 -262106872
32884051 -89523135 -317307753
-95790979 128210262 154372002
-104317849 197248506 227614875
76678633 -480537891 -725069774
-84883789 39899634 60683001
58243333 -315940491 -553422624
-93657463 41321838 75695682
4
119191899 -37490427 -417711949
-723860920 -761807880 90873357
54386179 -124978149 -22678821
-908294542 -949440789 89431920
74443259 -100689333 -93781625
-45328021 -259592319 585144259
-65146930 -91667475 96021522
247992056 226903392 98468853
4
124797441 144881460 35876478
-30527651 -287006086 -125149681
90107059 226703846 110161808
-79082891 342776021 244753069
182807255 277993276 277543009
-39729397 -311376128 -142518971
58062143 -52383548 42073129
691511509 -185887579 -368257763
4
156361817 -635909999 -704610614
-119588885 41230197 112854885
312715747 -336711141 -455694303
599827467 -591402799 -838277215
189239673 -778677991 -902118790
86560481 -332806397 -285290858
-130697293 56632615 135163681
38577689 -124447103 2957674
4
-751699797 486635081 238216158
-615168577 411719905 195116514
-85241650 3970543 -148648465
-641579822 426211851 203453913
-863153357 386259960 163533508
95340293 21861109 -29174160
-148649567 -9689550 -56189182
31481293 -109510890 -111582642
4
-187697650 125426538 -54322030
1252350 137581982 -138537204
-647208872 130597138 -96617538
-113686714 124593738 -47509726
141193106 157984512 -117146036
-367414816 -169958448 -293168432
-646464871 -349885848 -389743922
-371694098 127496938 -71257902
4
85496516 -27614432 78292976
-43360105 -83205263 -168511621
-27519385 -71019551 -155320429
182323344 -167522630 444059603
315391944 -359797730 946730753
-386050375 -346824905 -453883318
134740235 53801101 -20200447
15838871 -140072554 98584974
4
353975766 -805923351 715163254
-138154941 -75734977 -26260287
-144917072 7366753 126895992
-181935052 -108213521 16615208
-476818195 548428637 -264463735
-421352051 458008285 -199061079
749735198 -55388021 -314936292
512106665 -68861507 -230371934
4
153226926 375299568 226635947
-36670694 142262257 -133326362
-2527970 243312001 -107056648
435644238 -366624600 -812173633
82363470 561461352 487291487
180591550 932932321 151388632
-269113850 -760639079 -483301968
299653278 -9369660 -311960983
