10
4
19844195 68885884 -115238385
292208838 90332144 -257093741
-301589094 -287830377 -58677745
28328938 68781051 -119038841
19620697 76025767 -113887549
62532975 103404716 -128217793
396395466 156683803 -291907425
-600379950 -478116495 41162423
4
-185751242 -188740224 -112521063
-44844440 262536342 156442269
-277996422 -484170164 -288598943
-42720297 -2952999 201950720
-22965435 -14607453 227162012
6126063 -36102879 263566088
-27224702 4811546 224546212
-130754672 -12604914 -7543443
4
297238350 228387913 -335096704
-262337590 -110859875 -74298790
-307982764 -129290187 -73560206
43095294 9162529 -221674266
862541022 716021521 -587387710
-510448242 -468327575 25368712
-296322847 -141428079 -57957462
-295354756 -127355539 -70798392
4
24230639 20470544 -266479247
-27944105 -351873259 424021153
9637850 42820712 -266734235
-30704515 78688300 -237857375
64738029 -704594083 666183001
-279546319 605650445 -233370455
-148522237 107011493 108972049
-16973532 80858300 -264094859
4
5384205 -144080066 -133375006
-77277379 40592068 210809705
-337999271 298763950 297177435
-8900893 -147680573 -145038321
317309343 -350135369 80097400
27037 -127105460 -120818594
-43609567 -125413106 -144721404
231922747 -265583903 108382890
4
-89720054 -110923765 164485555
-65754351 -67275161 129682412
-68247174 -124760593 125060712
-42659959 -77213545 94529148
-70284088 -117000825 138254515
-45913907 -75813249 99482164
-98494653 -116856455 163605310
56412679 -119848221 -56274848
4
912555 -64493538 229722361
899540155 387936562 -221291239
71825104 18654201 62916498
-710646345 -422740563 586847761
50543090 13588915 36269734
160987535 16099067 149382081
59592520 26376698 -22661214
68678493 25989438 5562356
4
189183091 77022121 1872763
49132603 -256858247 -159135127
-47084309 -216049439 -133554895
186222743 -315002757 -195581917
245183519 62761383 -6747329
-420197005 -57799875 -34359139
263759411 67355531 -3448372
220949907 48424103 -16561694
4
357047647 -511011028 -314375029
-108083335 397381138 44589159
103219028 15497919 96496390
-37981217 260473004 -9512053
292745130 -385429407 -264749651
118203780 -22560069 83111714
94301643 7988511 98218763
78953620 40733449 110637096
4
-143446288 -77680966 -55838722
-155312205 -325009098 -238499714
-53096725 -180564934 -145801306
-138724716 -73707384 -36769142
-142692392 -82405586 -23427834
133085865 82536003 23046208
557704595 682579142 408129566
-138407198 -77205911 -14851692
