10
4
62749089 63399337 -82242272
-270784817 84640581 960973894
184963183 -259616919 -785477606
-53881902 128210288 82177987
-81586733 122939770 161669104
-73187407 395049244 413011364
-91449011 -196564352 -133450676
19801151 -134858789 -152567580
4
250103364 -255931967 -51144959
-60499752 60775946 114566749
110012772 -47799694 37400185
42826140 -19981151 15329305
91145679 6424466 34842308
15688554 -967031567 281114951
-755005473 503009756 428869880
319425918 -45641327 -149402853
4
-73010733 155759328 171562386
198909350 191749561 -85281422
39505183 126472030 86388780
337361538 -852007531 -151780694
-142220865 161165424 224433198
11064226 145307793 60539942
289571750 -491732039 -128827022
151019843 138260000 421570
4
-112175935 -9404010 61623160
440265237 -270813410 142771892
-22072005 -35251370 85844399
-33383856 -949455065 -575124533
-64044648 -11595545 24564487
-582889053 250486390 16791107
-50930712 -412727705 -231928673
-100728988 48417135 47086455
4
146156112 122465401 214216270
63564356 -39206490 -131647033
428426059 389614738 245788317
853651899 932990198 647045857
90278171 -42488034 -73299511
85217130 52700431 149533024
-66173616 -114283847 -16768370
663948504 699807823 777500980
4
-414480671 287914168 -297328315
148152150 -98657769 -19104820
16196007 45339611 -63907186
-109540405 140274731 -199059530
72183100 -199868912 -37412983
-112130195 -6805162 -117638848
493072789 -621726632 187374005
-359944348 372449231 -373924376
4
-90404628 -56949007 147052300
46622221 -718498277 427272526
30339247 -731766717 871259287
59205751 147576853 -129138344
69608821 130922243 -94737098
8395052 -412008447 606626764
-29555588 140986593 148967068
59189421 146452923 -128416274
4
-247306701 -146218157 -243153889
-67084176 83427451 122556753
-319952125 33324493 -56232234
-26682351 -144602057 -84182887
-435012472 -24579881 -135100245
-164430393 -143079621 -183616493
48585797 218792017 196381752
-406834938 -152259511 -357757158
4
-139301698 -41358340 94191043
-95460729 -65631585 44763100
-130633798 -50307796 98754799
892192745 -377589419 -948546698
81407614 55969220 18569275
843730877 -351098045 -892733486
-765389588 305285110 800065873
71792689 70877089 -3697394
4
188032313 336382386 244577628
9141513 6836886 -25064072
67400985 132304234 63340068
59498937 -142706849 55248335
-278724855 -741082649 -453753193
-243851919 -677535473 -401211865
-27369783 -283051097 -75048937
92150681 159753066 100055460
