10
4
65281466 -44235365 91099146
66571666 -42369265 85977246
105909784 151970026 -170323068
78503630 1252456 51069357
70206154 -37212487 71501604
-111576870 129450375 831094741
120677310 152446229 -238817805
42981330 -56972425 23758941
4
137561760 -39426981 -106162022
42981405 128338664 212465926
11799658 124874257 189355346
-1937306 127839953 200089666
785835488 -20336067 127833034
-490071420 -188286366 -939773102
35143441 125779459 198795230
154630253 -52409779 -162792898
4
-24277539 -31367771 -184554184
-89868657 -135257917 -100569830
-3447921 -22129423 -169641811
-400433677 -390642949 -297279952
85068987 2863915 11483812
11174178 -4359593 -161632036
-76629660 -68093485 -219091633
77156004 27700285 -356783
4
-39951900 80595035 101757732
-134621495 171827520 182148082
-154071415 150432608 294540834
180730929 -253145912 148318502
-139360866 50652949 486523616
200787871 -284444274 159877798
181166927 -258381832 159451323
210310821 -278426854 115496853
4
-9793716 45913218 -161293165
20673128 207594447 -251056810
10209827 73291786 -187940002
-13233712 40411225 -117614732
6383874 68205783 -190257800
-67991211 85952909 -118765311
-263866579 -180461811 59550905
-508964656 -508934109 41743290
4
5978898 165324856 150677811
-105846452 89496079 37039023
212131179 98718030 149545812
220716361 115494183 196571368
207980162 111804294 200923534
39408762 204986686 244063779
-516122928 -294617168 -750173177
205988069 102088035 169650512
4
-574386103 -353069180 -701821241
-121367847 11580044 -256421005
-18267671 155586064 168951243
-45425943 126859764 124842401
-90208108 76629190 -124451696
-75192483 114353040 124615091
-28813035 127137642 107976554
-97660948 97928950 -62566136
4
-231437286 -52616042 -42706473
85891579 34501692 -6905943
-244236666 -53314337 -75032355
-125772197 134587470 -96949792
-250660830 -51331070 -81963996
-246825522 -40019159 -28066217
86597503 -70269195 -422479480
-176085797 -28931730 -864232192
4
-122870731 -133435746 22472650
-55973373 -222356158 67824347
-230066801 -284262692 55540537
-674182911 -974688550 25069838
-175571011 -419770134 -503407327
-39212473 -193867302 75188782
-53117438 -225917903 47575951
-91086718 -257578515 114893624
4
218228054 -145821150 -145471127
57855668 27977344 -25902862
382144361 583804080 854886739
607000413 -462156792 -811909143
34236681 41364514 5927332
6909521 -51700032 101223571
86775974 21928084 -49521034
56540633 15238546 -44151334
