10
4
-586774675 -35089862 15136510
280792372 -433466252 -19540645
-92472902 -75929191 39210691
68778143 539370484 -209295682
-213509401 -392626923 -43614826
487493074 157267352 -131610133
-6808699 198106681 -155684314
563079916 498531155 -185221501
4
-193602449 216289910 -179717874
-685560230 -259289110 -185832438
405116566 981419579 -249002853
-318254139 -392577747 83985390
772422657 848130942 20814975
-143442264 424981408 -180887415
-510748355 558270045 -450705243
173703642 83001273 90099954
4
-353469232 -35328916 -480968334
-164784342 63712289 -37561609
203685213 323070951 259850298
15000323 224029746 -183556427
-116803324 326635058 -70155624
251666231 585993720 227256283
-363971748 54995653 -564242469
4497807 314354315 -266830562
4
447716269 13594163 -207121090
-112283539 96979081 239899902
51765206 202401916 -82750818
-12339313 -357360361 552252026
611765014 119016998 -529771810
-531607384 593121626 313251194
547660495 -440745279 105231034
28392424 509736708 -133769798
4
-503476166 -575406479 189935331
-593939028 181640248 230439108
-364231088 -334222067 474265871
-733184106 -59544164 -53891432
233111659 -226026415 438283379
3403719 289835900 194456616
-298494756 50064992 -38228340
-68786816 -465797323 205598423
4
87796015 141087350 733454253
497379000 404485875 -137611834
966956395 600920370 240353353
191306983 -610240290 -122846411
-278270412 -806674785 -500811598
-78265164 -191705885 -107208322
-381781380 -55347145 355489066
391312231 4728610 270756865
4
10124506 -700040179 121893411
-366430317 979961838 -604525234
-627992541 518351648 56385098
-344218001 -590740056 -170376402
-210778100 -124379963 168630537
50784124 337230227 -492279795
-82655777 -129129866 -831286734
271686730 -238429989 -539016921
4
710617868 170116304 -703110538
300283193 132469852 -153021295
109508378 130922520 205084205
585938988 157788752 -541669381
278225833 22726570 -291210286
-322883657 -16467214 616984457
-132108842 -14919882 258878957
153546953 10399018 -129769129
4
325491046 -238053944 -412513722
224704787 -187775838 -290529102
84826438 -262406947 -225516596
615594954 -420634260 -408615074
755473303 -346003151 -473627580
-412924307 -406058028 -44309466
117844209 -564285341 -227407944
-205277470 -79826631 -229415244
4
-360725560 545107096 -446906082
-329423181 -323798676 -138628930
-71060540 379472212 -134817381
-134086691 327869788 -41085741
155578329 162234904 271002960
-619088201 -158163792 -450717631
-677500673 -188728890 -513548989
-387835653 -354363774 -201460288
