10
1
-122227811 -19604591 253450888
-43069757 -168743908 126140991
1
-32850966 89108884 -3110173
-65246472 -54266670 -73822138
1
65111029 19478742 -160991215
-9567721 254234480 87918641
1
15391041 30749981 81821211
102337028 -104229047 45661154
1
-177499142 -310406749 -176459717
-224981000 -4466328 -168802450
1
284421597 287509908 158227818
-97751813 103725294 8378927
1
149509474 -57058799 -117959170
-39545963 33436940 44517426
1
64215424 -219376974 -42260787
252986402 -23873538 165369019
1
153133336 218822830 -23233804
-2819466 -93833568 -115397612
1
-3970758 74044055 165699306
-61560150 11668208 290835403
