10
4
49885671 -158012286 56967275
45599863 -157727426 77805683
-40571856 -93260520 118603495
49884079 -157380262 58798075
-33292080 -92670616 86305607
-40573448 -92628496 120434295
45601455 -158359450 75974883
-33293672 -92038592 88136407
4
207394697 -656179347 33667751
-42235840 59230469 -55753150
149173130 -583614751 -109323585
242234969 -697098147 17692583
326432533 -791800326 -190601617
135023563 -148955106 -137031182
15985727 -13334127 87238186
50825999 -54252927 71263018
4
72126080 -171979539 -17427291
-279074336 -235292027 420892532
130401094 -114299287 -28080528
-155702796 -212950893 295953738
-35165162 -93643481 273918291
253772634 -91958153 -153019322
-337349350 -292972279 431545769
374310268 27349259 -175054769
4
-276823980 -217397083 422327341
96492396 -135523231 130801248
66270204 -200808451 1335912
-283001901 -216611756 441254458
-297165840 -261339058 335187211
102670317 -136308558 111874131
-313224093 -281896976 311789122
82328457 -180250533 24734001
4
-139461473 98529834 -15512892
-53258340 85633677 -47269671
-94215877 75872516 -5494824
-86844600 122846217 -59400441
-105875213 61317294 -3382122
36376036 197530979 -63511653
-127802137 113085056 -17625594
2789776 234743519 -75642423
4
-74544008 30376961 63956912
40661611 -334112774 49649534
-56103608 -227164895 15817147
-27736511 -21356116 80322393
-70279681 -250987666 81670490
83204781 -104481224 48301437
36397284 -52748147 31935956
-167044900 -144039787 47838103
4
101655527 11148289 -79995281
-318914514 682784075 501683729
-327881104 667679445 481975569
69492974 100954347 57789457
60526384 85849717 38081297
-286751961 592978017 363898991
47285857 -80439901 -199497361
-341121631 501389827 244396911
4
-406575524 -249803432 198437715
-389430463 -245266237 233577508
-131547921 -260640584 59919154
-485364057 -375405308 210265954
-100185352 -252340929 124198551
-454001488 -367105653 274545351
-35614327 -130501513 83230708
-52759388 -135038708 48090915
4
22365132 -164395246 -172094269
-354373212 -457868956 446703011
64618158 -104436453 -63566943
152057700 -76498182 -50162333
-312120186 -397910163 555230337
-224680644 -369971892 568634947
-207099486 -326734063 653966737
169638858 -33260353 35169457
4
-361347619 -279370088 515688821
-135692802 33426096 -51037362
9034001 55404451 39781112
-691376169 -198303699 406336395
-565383932 -268366923 418938187
-546649366 -176325344 497154869
-9700565 -36637128 -38435570
194335748 -47640293 58315064
