10
5
-440428195 166001374 666857260
367011845 172681930 -319803128
-286304225 167276557 478523751
604823624 604270990 -590478603
-11107005 5822575 114621084
-179867345 168157189 348462015
37793596 53335210 58641081
310436204 318239290 -253472343
-73420675 169037902 218388316
-777662080 -738975050 992151309
5
-63060803 -278901125 -202263778
143877207 -39862493 -51186824
33969057 828478503 369661474
-2574179 113711051 -145906
257690907 -939059701 -486989828
-70689707 -328419521 -227755990
-14506145 36261942 -40016929
131421357 58546271 -3492242
47688967 439963730 167809907
181261257 -335219145 -194333750
5
240797525 -718752116 158769299
8011531 -240573568 116677723
-177419369 248049798 -209910241
-771463235 452683178 -370613753
-293548549 516508378 -312284041
4701535 -237629692 114608467
-851445041 523818164 -420614669
-978440507 636766610 -500006345
-111247523 95078772 -151576381
111966097 -420929448 45197819
5
149104458 195927415 -206232503
219573813 314106521 -214360933
-91029447 -206783951 -178533773
69218388 61956211 -197017883
214857783 306197605 -213816953
-296414695 -510790853 -81201512
-108176359 918417763 231473224
-135525863 710765339 186044120
-222213607 52584475 42050776
-273457319 -336485872 -43067986
5
123546472 -41936396 272190345
214385749 -236427411 580911007
48215060 1061689 732184
276193363 -259731351 772246789
-203140564 144531859 -905032538
211027219 -235161111 570514117
27683467 -166033191 2942941
182884348 -75805601 486015498
87761424 -21510806 143238251
31450707 -167453591 14605061
5
53193746 165257820 12174899
388237812 296334280 -513147743
-6313080 -159095668 326720297
-310505232 -510224556 974244537
-238514754 -427125974 821000677
48066027 -96325885 210965207
482954341 700215980 -904281971
-5895075 91705132 138180765
460919944 672787964 -857294009
-53731919 32158700 240191989
5
208543287 122469413 -45050267
330246297 594207967 -92486579
-412767333 -419176672 -51452531
320067147 219693668 -43901075
439391872 730157537 -88599954
-196552668 -61962407 -111245654
-900563593 -844427627 -56479003
-482615993 -480069327 -52172283
596850327 926284675 -82992929
-513164348 -456327655 -122520054
5
-34900568 751412070 -910362588
-9421226 287419842 -339088920
5350153 18425256 -7899054
489816625 -214497407 -584495196
-379741358 262757902 691380993
11044681 -85275096 119778258
-172384313 148950367 387132258
-159218160 141724148 367813959
233727715 -73943477 -208743666
-33951347 734126256 -889080054
5
267535377 22371399 -87264554
198217556 -505696814 -121525484
420393788 -917644758 -431818664
234572006 -228745964 -103556984
138846633 -957988833 -150870074
-430462048 152698698 379550404
-96967524 -266824406 61532792
-856311270 688400410 785636690
325299894 462425700 -58713944
10943014 -402571654 -41369802
5
316870002 930631016 662608483
-18854038 103104926 52244863
-325401678 -652504264 -505074557
-220056726 -392839522 -313552001
-331196474 -666787855 -515609795
96959962 251186116 466601582
-709751132 -122156370 -562363250
-791689877 -160077275 -666876610
-126638756 147705574 181400078
-865680479 -194319813 -761252066
