10
5
-260155469 -464126395 593982828
124890415 -137777894 131521916
441519455 -28243854 91008156
185670175 43355243 -134077077
-79105219 -42359477 -112779593
612851477 181645003 -168437849
901941743 275231083 -191691125
114285961 210548595 -620134472
-131056559 -231513765 175382728
39659853 -3912117 -122332585
5
-884705265 36411674 -315577741
-32502037 -32342862 -119484425
-237136623 246221554 95079167
-71073559 -499242254 -597645665
-306351128 156353224 122921331
-788461165 906066376 721707175
-191954199 43395826 -93397345
256010244 -718156088 -575537533
46811541 -392838200 -315710497
-166714941 -60790328 -50508313
5
36761039 -140410634 138558382
-104482561 217392705 -422564125
314737542 -8969241 -220868420
-7424331 -40220088 -20601212
-49381075 -375097677 611096723
-8467901 -40321318 -19952492
-109773919 274289151 -521825869
-114258527 322510847 -605953613
-76728517 -81038523 98080067
-118024137 -71006546 83980950
5
141850711 -105324726 -38870950
177886972 199747154 -193407591
323653247 17899362 -131003102
479499482 -806668084 -138317276
304951521 5223504 -121525620
-272954322 -386475765 171339981
101908572 125184242 -150942951
-245118828 -215377990 43012089
59640977 138765365 -136775096
64098801 -158024256 531420
5
-491221 27285837 -419081036
63301347 156483933 66742516
-6067009 -106882449 -24398857
-9189057 9670245 -485320940
-25265298 -170045147 -122669993
-19896033 -12014427 -566861804
-4281501 -65700218 -84966815
72775767 124018953 435429587
-35137021 -42881763 -682932236
-63251477 -358936850 -190922639
5
8565184 -253591513 -66682778
513194935 -228180005 19778812
11335310 -109073754 -43165265
-28937784 49878648 70786083
-155486220 -359322186 5445045
45377692 -91392431 46986730
19732018 328983368 28120189
27645288 -86207559 48018034
22490698 472903988 51540529
32111546 974824620 133218553
5
209983314 410154755 -16684046
-765735796 -889161245 -396957996
-146873612 185019062 78277756
-91800570 8284355 -134300426
-140649074 135772448 118797802
33289390 174860355 -85548226
-570583436 -141621676 -244166912
-85695977 162258869 171129613
-987954380 -463375729 -561787670
326205476 564921955 28612044
5
191858479 48569315 75852435
397668682 -304647565 63939402
730044334 -600031633 147013722
-222388562 377825486 146926371
-478532203 581416257 190873907
-737426486 704117747 -219767478
190444940 -120486687 12145682
638379360 -518568467 124102882
343356047 -33312918 -123158743
113181665 134802192 -17057407
5
321613474 101753284 -77796087
32808095 12214110 123553136
-173852945 -14962378 173503496
102176295 -225492823 -39730315
656502895 94231670 -27195064
206097155 35002092 81668846
-269682581 -180194081 54875403
-40516052 -70920734 3456381
-107878680 -100865398 18679985
725284965 103276699 -43819819
5
712481431 264893940 499374190
227060851 760798503 333263924
135229987 -126854781 -105220926
175074803 -436886965 -218416426
112405591 -57646824 25207120
-262469609 -259142244 -271011230
150184947 43619803 -22499106
-95903209 -169612804 -139394030
138610803 -64355897 -76061436
314908311 51198388 185220430
