10
5
840753140 275374832 -98961246
-20207911 -82050000 25326390
-79081521 -77723390 7983816
-507501130 -55277698 -31658436
-47126514 -85674667 23452574
-50854669 -101906362 40193848
-58649804 54800816 -54064414
84715726 89960486 -61221004
-75710194 -89153437 21062839
-81462055 49206227 -52925661
5
859724007 160238021 419522122
126503702 -35233581 34389987
132386832 -30990771 32414727
-838230585 -474800611 -344625218
106264685 -34831380 7239036
104126187 -31583034 -2885742
632244751 75160295 317147377
-123083185 -207333961 -22780343
349613087 -30544549 189951847
142542580 -20896647 22735515
5
-340575977 485122331 -215845187
23359651 112960037 53521519
3119926 -154251732 16385133
14334350 -143435628 58278485
142675219 -9052627 141832855
-1161379 -123695955 52679006
24084668 -156025116 61547405
-481865399 629605562 -320420456
260616517 -129659956 229127026
5054635 -135540025 49007352
5
-125567517 215623509 203451942
605608818 672930137 -17226681
465265692 491637275 80923227
286660650 260918321 205831863
-132083738 223484036 234415858
-153968123 222971679 294749894
44854239 -51443086 374940801
-132104356 227348834 240743070
-141501641 202933609 227400690
-424760522 -658083443 703369039
5
157351386 -59033714 117766587
107714106 149701666 267242487
3162618 225339725 41332617
12655871 205651291 34274036
15983837 213524309 47521240
149736746 -27012524 140697037
16536667 180293403 12970144
-73433542 911466274 812743927
93271722 210434980 310733757
1268119 234012421 47788794
5
-770340873 904872707 -298487013
-106962216 15366516 -13006217
-113191548 7892152 -8975641
-117543533 -4594235 -2777045
306423137 -240816453 139898822
31683707 51509427 28043417
-86624506 -18095804 779148
-709290947 839914891 -273631592
755995855 -719166941 322934575
-91575048 2840936 -8532723
5
-105951532 -275097351 -245105923
-99995180 -305397591 -252411091
-102947126 -314030885 -259680987
152662104 4500656 213870484
116817434 355641436 335559714
164151678 -108053260 174864478
-106199008 -290952933 -252683269
-102706014 -292575915 -249532345
114400262 379320484 343765782
209097324 -548348824 22278304
5
-9403100 -123420148 148762443
926311197 -930489668 578216715
227286237 -184207418 136887585
-50341150 -120272303 101850168
-31426508 -137199397 115488444
342850653 -307584518 209849133
-141936771 209976757 -96221214
-41505534 -100214160 122746441
-50470517 -118142308 102803092
-487706339 579121932 -314522693
5
-14579577 62282431 -114717451
-19047271 57200243 -108431823
61722846 318953241 -306015772
39221246 771767257 -651169860
-47046885 92061239 -121583312
77115146 9204193 -69911883
46461446 626068105 -540111774
-20212965 123192279 -159813702
-33662189 85085335 -122927661
35143546 853825409 -713718071
5
461850975 36987287 19445571
-316254922 -33419239 73466829
-323090011 -30597646 80537302
-416619785 260069407 245516611
-285730694 -38611275 78130793
-312585934 -31377295 87068234
-133376655 188141597 172625091
-356301824 -26037765 70134390
-966779395 399778977 387098051
273803530 84740752 67838851
