10
5
-176654997 354589799 201832741
205191883 -429101985 30901253
-96403014 -475683503 -138282806
152617123 -19702625 124825133
180871174 -239716761 74349770
-152688663 106638203 100261135
-118484433 -108778129 87953521
121003912 226469271 181301576
117986824 134255336 75832034
-166750452 252119069 159856336
5
18256380 33659868 -116582994
218638940 -90156727 16721856
-863695776 90105885 123212394
-71909776 135425564 -54961992
-281094444 168799125 -67686552
-13148844 204991125 -155483352
162794172 -55650186 -20428974
60708468 8783271 -90127920
395558370 260196105 -289403019
-811421700 546318828 -668527794
5
-74921105 -149920315 -144897556
-58762666 -78463400 -234211219
-58712272 -77949926 -235367557
-71679445 226631117 95682260
-204820695 -171403333 255451760
-122388917 92934921 102458669
-158550445 -33075403 199927460
-429731945 -843790183 525345260
-36443674 148949032 -746341603
-30416596 210360070 -884638609
5
591963014 806394940 887695619
-1455619 -81082409 -16433457
-1959786 -377954179 -148460182
-112955865 -258380101 -175916781
149257681 12981804 85892370
326987414 278003677 425420042
574736006 835125841 807716793
106650176 -140920378 56930129
65744214 -242944759 -30344002
-204229205 -403514781 -306468741
5
-58159479 101954374 -32217021
81545162 -233434627 -141070918
-427722559 443985534 -424229205
-538816239 546802894 -542071269
81567042 -141127122 -119056445
28097482 -400687427 -249384838
17029081 32367254 47538867
394660266 746390463 493469708
-64349163 103071214 -39881149
127800298 -88689317 -47332984
5
157717266 -900540627 -608813556
-108710694 -103643380 -345654258
59910486 -397602822 -197066190
-14423090 -2039109 15776381
-158510150 51488478 621995040
-86003110 -174380492 -786883530
-126819366 -47232484 6213918
159176886 -908046222 -614958270
-20644014 16621053 142052460
-127227934 -45468190 10461670
5
-254994201 44462143 63909898
974477229 -656407367 -861143462
-2549382 -99445940 -126029390
318751257 274329205 25295038
310542189 273059361 25387302
35916234 -108012772 -141307504
-111833821 -37147517 -43803862
-540529893 141408755 34952738
-5433897 127456823 -69976870
-37098993 219283455 29294538
5
-146710860 -38537323 -284453060
-41915689 66821391 -186164323
26536222 1432906 -78668532
115104903 -75239857 27779707
765787436 -10718109 776617802
-576259439 118118391 -823102073
341501151 -106977121 297772339
139108686 -7904729 30352292
-301868814 91776891 -496028448
426075015 -118833073 398632315
5
-533626512 682879336 -717279162
130565046 -910326 135399440
-339237944 475932208 -429060210
10377585 -124243497 50283926
397360028 -308254004 663089898
-116308777 1048985 -83270192
-168483438 14290866 79112429
892976423 -807848375 -91971792
-453492922 235041070 125049753
-80446136 200421040 -45350898
5
-46275354 -114632261 208788802
570886636 -130167231 -362362918
139201088 -290584153 -133934435
-147275511 -105826760 103246022
-195796480 24014375 127909909
64864572 9109057 86022184
-278443840 -108788203 423648810
384277136 -520736761 -325493369
229666548 -121578167 -46581254
-224901256 51346871 150659092
