10
5
30129836 -295494142 -179178905
147789778 50704217 -122068127
-167746526 -880948465 -622500003
-53288688 -542303488 -366069301
121330213 11691116 24131752
185564050 96940430 -35659727
159079696 103893389 -97311473
203066518 216171461 208267473
520134388 9105407 743171635
-2017043 -817476067 -446156492
5
-141903225 52256114 -73547099
-505259551 -988039762 401833608
451077184 963592435 -684695497
-268913846 -140780931 338564636
-126157000 198495339 -44311449
-109344451 -153863860 77871774
-308260728 -42874693 157714567
-52002001 -33045811 30950691
-83438658 -51449663 74493268
427481116 932316943 -658518001
5
-66063362 438646521 -245714060
127017400 40809585 -19843940
263137071 -415310622 540418776
155838579 -18298987 12801380
59304821 99537578 -65123324
-40849491 261319373 268973480
114538949 10214554 -95265249
115241321 -41749222 101052076
611049219 -665441707 -580077820
41349071 144890978 -118466024
5
109535323 -93952011 267311197
-87633380 16049708 20002096
40032741 40421 35897900
-127891444 100850508 -180953484
-284388444 430500508 -962137234
-234522276 325460908 -713221024
171525667 -48447435 188626201
544532539 225361653 -284835347
-66828871 381262405 -841652774
-60013906 52833372 -51445413
5
-54909843 210501960 259876681
532532836 678643217 -840033852
-163012564 -173357383 -149590252
-144357987 -141660768 71259289
-98372428 -77159574 34955465
460319796 590186657 -768350492
-47486068 -40995054 -45481255
-124896723 -65040600 112296841
-569718074 -671546773 254132088
-130238268 -4506043 -34948612
5
22226158 -76870091 -54867814
85690958 -138006732 121086776
-550010142 -415221521 71801158
809709208 257462854 -621189316
-242318992 -262999646 -85015788
541310408 33814608 -271114987
417067358 -128554356 -509071624
88671158 -203742957 -81110557
789015808 247225354 -610642780
-571963342 -550462167 196204063
5
-923623520 -146568538 -123600227
54413598 -16293059 -87632768
-290499915 -88586417 -216643947
583191918 51570751 -1367708
-415130451 -103794005 -257453535
739490997 37094479 120620949
26263480 -20620558 -73643207
127921001 -38434439 -56122169
206138313 -27985943 -54022473
-79704770 -34671163 -79216352
5
53235248 -98546766 -125525354
128160337 124304002 -64301557
-663589581 653284131 -625234504
115709140 -149657773 -275265525
-105385452 40511294 -255348674
-123318272 207643127 -366766053
612559780 -892355773 -85069365
-357020052 316745094 -422090674
122573537 126487602 -70786957
-802393449 805657135 -717210864
5
-855117791 496295908 466466796
-14954822 -70188530 -65091690
257545798 -544602260 -629791770
591384801 -111284260 -248753332
221677966 -188189787 -204320742
131684858 -22409512 -6952514
-46102391 45668459 -65915112
-15977382 -68408290 -62972650
113254641 89546630 -12342892
-302110399 264014040 193033468
5
793292712 -244351316 259956606
-807883077 -191536981 -9212850
743627406 227692604 357208622
684934383 -200764331 270963050
-153613137 -195581131 113582250
-31943490 -122421436 131467742
787491414 247494024 369975862
-93539949 -110312641 144204422
-87919386 -37160891 140145668
-617394693 -192714421 26538510
