10
5
637209172 -358078470 -619255241
128873869 23551269 -199074685
-78924741 66544712 91900652
101731463 42721177 -144927503
84362287 -44635224 -197202752
119929175 30818785 -172831351
104049095 38649259 -171077085
131447012 22941802 -193530193
460075037 -257650124 -484028102
55868927 -28480568 -175450448
5
55038545 -201582175 41581787
-181919971 122953372 90137897
-119002765 -40696280 -28133355
56506163 -219776347 15729879
61190033 -231022171 8430366
-136887049 16815172 23144476
-87801859 -98873828 -49877319
55908150 -221683885 11291527
57855190 -228735289 4439694
-153001675 54795772 47117469
5
-71145304 153245886 146933899
-247173907 397921120 -260845020
-73953536 140473014 184496739
-138912583 103174972 106492536
46783541 -402390776 736571292
-90950905 152743905 205250374
20119376 -6006665 -100664301
-77809675 -63180344 313818588
-100497660 163626986 207702351
-70116137 140222385 174000078
5
84274810 79274726 -47098617
463890061 -64650511 348136704
33859802 143832602 85160119
-741151492 235235288 -898908691
11680945 193743186 60064747
754278110 -136916278 648646739
41154482 134573360 93068497
-50161358 63275966 -183832881
27698051 193844702 76442791
16277207 221629786 63419483
5
15013758 97433999 -37155679
-207964442 -336477491 51559824
-149305242 -91315891 -40852336
-98000024 -36972077 -129519108
-208454597 -338526056 52332018
88623168 903087539 -415686604
-18033170 45717605 19138235
4003557 49321276 -19912797
9446253 47339634 -29698379
-4520706 71683677 -3643565
5
14727795 -163502401 -119570890
-44843503 -231330119 -108651871
-97413865 -27432570 79025151
-15012441 -199484381 -99255084
36448556 133945618 -8359711
-53335700 -239489801 -117680270
-185009317 -189480036 532020540
-178856673 -178097934 500202457
-52886898 -238051375 -124265779
108072539 352707612 -983637252
5
106480390 -126576535 -131412492
-118874342 -126836267 128688932
-156686074 -128144860 105013141
969186456 -8041826 412953916
-984211164 -439791806 -827344094
-120050648 -114561041 128533419
-141192262 -109610812 115563667
618038010 -85654460 189994333
90865080 -202172930 -144730932
-138103518 -113417001 117313074
5
-399105345 -131407809 -246340545
-37175889 -38843907 -61228965
488376327 -151956579 123368421
147779343 -144070389 -18518181
-45488281 -38080712 -26483308
-57022041 -38201037 -57221727
-49056833 -138966679 -63952955
-317778869 -133290844 -212461392
-66144473 -37683292 -40501208
-26147125 -39075347 -55033199
5
-191635007 1516092 259783037
62204184 -19660421 29806739
-183420037 38770418 232316389
-152361277 -787059148 652235427
-207263334 -5197463 282406131
-211258299 -3333731 286535880
-149305038 7437361 204170547
292004647 33562641 -281835758
229619679 -81645257 -150700588
368043335 173985209 -441671478
5
-804898287 339820530 812666890
26957330 246534224 -194428009
13039841 240565347 -152531140
-89134329 -111061376 -84355154
-266158 256350840 -148142230
43150862 195271300 -146577898
-8892954 -59682701 -354066143
23537393 229038483 -157531840
-196305030 34376631 -79369667
-694874178 284601067 651400681
