10
2
-375387137 -427477930 -526103135
103501007 -96822321 -501149938
473345801 -107064244 -307764951
-5542343 -437719853 -332718148
2
-248080487 10227766 311158783
-467651821 -211685381 392878498
-318787450 -384900803 581600818
-99216116 -162987656 499881103
2
453121855 -103741000 -391138200
625628166 -425354305 -722895615
148039697 377768058 188787512
320546008 56154753 -142969903
2
-284540295 -83417983 -505187769
406184269 -88828862 493664426
16077233 47941317 12472916
105566741 -220188162 -23996259
2
125146842 237260977 -458497976
793116308 -383321063 -26815495
407903609 92763316 -84209743
510359541 -238823402 -401103728
2
-112368689 -118302553 359024633
-99010308 -590895273 -159958173
150716894 -260536274 -886509745
137358513 212056446 -367526939
2
43972765 -446322520 187181188
-2535635 -368410786 -422859687
-26358383 -425234403 -217899004
20150017 -503146137 392141871
2
-259815496 -465105526 -319003321
-198948135 389639177 344577873
157250039 -513969599 -554906967
218117400 340775104 108674227
2
-102394927 -66877218 337561659
229065687 841598917 102940500
469004053 305190880 560878272
-342333293 469530819 -120376113
2
309442636 -372130393 -3955238
19295688 -188544739 -480410789
413805420 -359721843 -161483260
-85067096 -200953289 -322882767
