10
5
-380695573 263859829 -223007271
293412368 650787637 -872841110
-15671763 -417404018 250675911
129198702 83239723 -275485704
-216481907 831407743 -820362677
-525566038 -236783912 303154344
-338612976 383798326 38231102
171281299 203178220 -14247331
-172434107 923930743 -10592477
337460168 743310637 -63070910
5
-56016930 -585079457 -455996502
-158885670 -764622025 -849857682
936861160 954720975 445057008
256860901 181311505 33457523
493799223 158898993 505796093
806677054 925289955 995250118
153992161 1768937 -360403657
357977902 283255835 25405938
45100071 -483135127 -464048087
623983329 188330013 -44397017
5
218374220 217861551 641051452
-322467560 -410465394 -53916595
214319809 113423065 470980510
-304935856 -264638917 234848640
559868266 478408756 912544759
737629885 595923533 877183322
-429533998 -419052883 -9603624
-841723225 -788527376 -290048465
89721667 -40990901 226528246
40612601 100346774 676412889
5
-249194070 -483882299 -60192564
12220526 377549667 -287331661
400673661 270425218 89578421
-923885353 640323180 -804634692
-347979303 288719782 -281256631
-88000790 289460549 -316740215
487905260 -62142849 206637846
-825100120 -132278901 -583570625
-175232389 622028616 -433799640
588126576 25946269 236046400
5
-119583037 318241012 -257362262
-618541988 -958414113 -88790716
-57384086 732360615 107488859
-407712809 -621822792 -58615519
-345513858 -207703189 306235602
-866678977 241410320 -922145459
-556343037 -544294510 276060405
79209815 423568694 390422632
17010864 9449091 25571511
-804480026 655529923 -557294338
5
610803949 622905913 3112439
142126812 -650878777 377137860
59603716 -253382221 334749566
-203449674 -512286865 820708574
-258746687 212059216 859067155
-51257505 485737482 988111983
267092898 20296045 463794394
-410938856 -785965131 691663746
818293131 896584179 132157267
-65362370 -924557043 248093032
5
-202931732 209473491 71210331
302480188 -302642188 -861758514
-404906360 290482393 -909593841
417837147 -343164254 -125536861
504454816 -383651090 119045658
-289549401 249960327 -173372188
596822918 -441710428 -76166660
-469952808 372695235 494042495
-110563630 151414153 -124001987
237433740 -220429346 541877822
5
21055884 274137250 217283598
-816362005 -164040833 416472728
300854590 440282988 145509456
-617592929 403241251 246672364
227448103 212641855 213015274
-843438961 -856490314 -127060694
-6021072 -418312231 -326249824
200371147 -479807626 -330518148
273777634 -252166493 -398023966
-644669885 -289208230 -296861058
5
-326844944 30541983 691878624
106907101 24913723 701523014
415165239 20519390 216442500
-31571218 14046113 794765834
781028637 -61971415 815868885
-397434616 96536918 195339449
254256608 111552140 -463620880
-558343247 187569668 -484723931
485754911 -45475545 712981675
919506956 -51103805 722626065
5
-130547999 364961392 777863129
-289249382 43811457 54767538
-694201122 -23090691 18698054
-727891502 -233112311 -645044434
96437396 408859447 317714286
-528413002 50732237 730878950
-255559002 253833077 718510026
-342204724 131935679 -382097686
-967055122 -226191531 31066978
-569190119 88037624 78051157
