10
2
600950913 448646412 -687898124
863774283 -13828203 -666567588
293600334 -331444017 -447294576
64201361 14806734 -409900654
2
-2013771 89511510 335602332
-339323388 -345356958 243496506
592862107 685059038 55196678
-415322733 -436238460 286286463
2
-176316142 165926988 -18077229
298623030 -137543201 108400
668537483 707340444 -137036313
16234650 -298427530 31749881
2
-470314400 -72578049 453613809
-84764800 278698591 280412561
372677788 640775373 84055352
-297226663 273769723 485340544
2
-95451276 610629225 37092315
16236696 315116752 -110710347
-271413468 241832841 353299245
900308008 -852478624 859030048
2
58191198 108801677 -109198880
56240772 -540672667 454362910
-267855215 242206279 287753538
-24862937 -370998049 382560688
2
925009980 65472608 -411313652
283148405 -380772511 169426114
155295708 442122065 169368920
482924063 -364962736 30192926
2
2732100 560494612 -701391043
85489070 -565867692 129987372
284594262 21826020 384164453
174475159 160938376 -273444664
2
-341654132 -233633594 38926503
-101052525 200932111 -81112732
-8887079 -196748975 -787350975
-64456132 219619300 -318144615
2
-541717998 41929416 289539257
-438749829 345366817 -196899135
-375693021 250463898 445531261
-477805525 847309904 998577329
