10
3
25765705 173021479 94061859
-242110462 794080397 572857800
-500759403 872342805 -50325723
830707009 -896087309 314798775
-48609798 -230470095 100808124
-35460598 -300092695 68730324
3
111658235 76383851 134678788
125218022 35712464 96559081
432200563 -261311343 -53766100
617771233 -217582443 20942570
77630723 -344864143 -196511940
257346872 -360596386 -274885769
3
652911625 226308899 391380480
-754204787 -593539118 -272800192
-54220114 6414534 -86608386
127272277 -79951744 143270592
-903915661 -248118748 -616018238
-925128052 -254473094 -629234794
3
70616781 -42687272 111433271
-19454778 -26546179 62204339
-28236756 68022093 -179020731
-19721232 -23676883 54885329
72614579 112113935 -185900975
72172533 77861596 -120110833
3
28653989 87545904 14372608
-44011449 77061974 -81787942
844495816 119238029 932587928
132873490 131624365 27019260
-196106114 137350509 -391620812
-336588479 34849924 -468964692
3
-252276002 -498464262 380409378
-64907182 -380445651 87281058
-521576588 -891123514 642192697
105264556 22855094 32849221
6029255 -914269227 -5352483
-138062990 170079533 182812802
3
114883410 96357893 -122609777
-702096843 -19148986 825052918
54856640 -81506710 -451548265
-870449630 -389490587 791765143
887276506 477209845 -839379485
-136326053 -65757106 -129118872
3
782259748 -850550590 307698311
-323331813 139121627 -35064352
559270172 -647209878 164837303
-568541013 358459327 734941648
265580756 -379399086 -23318425
-361692933 173435347 85397248
3
-322486309 374513622 -509289749
99171972 71908963 391061103
84944808 63121597 323691297
290214691 38062122 822436751
18228451 187417482 231265391
-150762470 -82462310 -792451990
3
596736149 -240913164 344846768
-575724422 -561003807 652740406
284551997 -154694766 236562998
-11684419 -72880782 133810838
-481191247 -482237537 558493902
-2112822 -83063167 80868278
