10
3
-32377023 -271767995 -171284098
-69375500 103077448 -28050431
-20763977 -231545682 -153493559
-620337828 -838386530 -498782420
-148041724 -31344476 -95261393
-32962345 -192362752 -140737764
3
46103663 -299219795 -221268901
-280294020 -43351295 -140184447
154494921 157783130 113914033
-157108764 13634505 -68192767
52167734 -293916208 -215674565
85232105 -274796826 -193213019
3
-28716505 63648423 54204047
176221722 -54704599 -89620620
-4962638 91989660 32118214
817447410 326858465 134132778
-19392253 90146595 12665224
108461402 -95025559 -113265340
3
-194302406 41617699 59632387
-197768094 43432733 51391500
-789801532 212349405 -410737169
800166366 -260617693 86121335
19340950 -28345877 -157883433
-198972445 45171714 38410787
3
-808902525 913827066 -474486336
-244400241 263976390 -135288532
-101621999 302369499 -200722733
-130542432 336067673 -216546549
-122622162 325616111 -216902431
-175395531 184538700 -93825022
3
31043993 -63124637 -10445713
24426564 -554964032 19799178
35189933 -38551670 -31359800
35141270 -43120829 -33722124
59821583 -32382368 31803533
74258927 180774496 36700013
3
-34515494 296263848 42145641
-30902614 345759971 89480885
-96995248 -156809723 360252
-35677620 278417375 64596144
-71812548 165912052 766242802
-87692668 -37595138 283280022
3
67505032 -114877962 -20333885
28521252 -84288091 12731765
-132549985 131324519 277582804
356178453 -176304429 -73663740
14932319 38492135 171588052
19195567 -61198779 33798265
3
63682043 -59236531 23953624
-48796456 -1362251 -102837209
28443547 -79901742 23393515
56819036 12128779 -50800379
51451503 -58487951 15525544
-320669668 -36090581 -236789339
3
-176612749 671436123 -294836392
-8715329 111929644 11796250
-15193376 147260992 1405659
1051776 111864558 -9804593
-159751573 598617339 -281199664
-8362429 -55190757 -158761432
