10
3
-172781630 -86541519 328514379
-973568933 468547611 302327988
161225610 -310698081 -91491324
462304857 -548297072 211012085
796312097 -772453634 -208993618
-639561693 244391049 -117677715
3
-791996204 345674049 784831539
-887484494 486021759 927196559
-324566429 -217314066 107126019
99356003 81903273 -107068388
-368073772 644891388 570637132
-463562062 785239098 713002152
3
-96373086 -807231977 -605652767
-25809596 -134378265 -268141889
397579890 -258708527 -283187357
-420080864 -634715052 -782367546
3308622 -759045314 -797413014
-519762572 -682901715 -590607299
3
-20860541 -501498704 455400579
50980179 29009568 88890331
-583653881 793485419 -239098700
-655494601 262977147 127411548
80733814 425161865 104103034
8893094 -105346407 470613282
3
-361622697 -357808311 -463963846
953439059 -574662441 -639407079
992024724 -124706590 -632548569
-400208362 -807764162 -470822356
130249337 -366278171 -443874389
168835002 83677680 -437015879
3
-174478154 -150989580 -173902317
212681895 -785303706 -943640623
-377880610 -627807739 -898611148
662282537 -843747278 -393823047
416084351 -308485547 -218931792
71720032 -686251311 -348793572
3
-130702548 -332487997 334281576
-284100249 781032083 526949615
458817435 -322794792 -41395310
68461942 255669629 157016506
259652945 -910952418 135869760
106255244 202567662 328537799
3
-645372982 -710217165 292050
-518621178 -259779909 348232385
-325788305 137230226 547707343
-452540109 -313207030 199767008
-187108477 -247332747 199339428
5724396 149677388 398814386
3
-348032666 75491855 493755469
-962770223 -727369993 502764802
446823003 489876267 -76444823
-256059049 -474977833 807548074
-167914554 -312985581 -67435490
538796620 -60593421 237347782
3
-61661450 137427365 -381807864
-46557870 65857894 -163240552
-397963330 128784424 -46795304
-587426158 -42734281 -981477872
479206838 246019540 436429456
-938831618 20192249 -865032624
