10
3
-518380961 566238509 560459029
354741043 -85414606 -338393663
324833101 983078922 -388016879
757765055 7135589 -444227883
-529064721 525410038 341907905
-201049345 287293355 320329797
3
403761535 174670058 469227876
-137881117 299678341 213836904
-524521239 328133520 -438880809
-261688866 131301222 -279156894
81847612 316307753 451572250
269371279 166692179 314918525
3
285588034 -474189266 89268448
572138803 698079883 802332350
-461020856 199323808 -156686179
-681148760 -243474260 -770716359
200138625 -375165872 -188299123
-317172277 -219850313 347125543
3
223724871 -118129454 304925859
-612427103 594249676 14316685
-467222709 -183282542 -213586542
25907441 499477733 845316577
-767999773 439689575 255957167
-435766363 285980657 426496371
3
264170438 134794081 165423184
95108787 -429601610 579650936
794756799 733607164 -630969137
108835398 432564841 -237575069
467247759 -329611654 451388950
837056993 -332140952 460945901
3
-205324085 -264206009 63013464
-153737604 179069831 -919086825
273694847 -268178256 -420392590
-332386641 -361956961 781627548
-441938200 -179343714 213704669
-469233966 -429449785 912692953
3
2930834 471300220 -31246781
-457766894 528938706 -945989397
-678720188 747915540 -454461033
-373974818 289676185 -281665513
349098639 47627550 -362394451
175606545 91639174 720212353
3
-222030019 -724408338 110691324
-777071263 751395570 55374468
-241369295 -234577048 -888375657
363684031 120800803 -272339357
55900663 -281135855 -648284237
-210356749 -93628846 299108008
3
-24851169 699010434 -236573929
-401945402 748758543 -650856962
-392191719 318401858 151984281
886826096 271518509 167991490
-628116391 962903828 -668628137
264825823 30334856 340424858
3
790257397 905605999 -590454170
216490894 988300327 -741919539
156434368 503278893 333739315
-397571366 -4541069 -121586181
-96220703 -482602389 187109144
-176053273 -791092987 737192528
