1000
89768202
687563759
847839372
85511062
64669029
699015064
665238579
859768222
365865600
661502930
734484926
550004116
612898101
159115222
547646588
124666175
663319797
100621140
425601972
238447622
506083576
258559509
848667565
635860392
524505326
503814027
94706757
929961859
800730754
34805977
412633512
471018625
949495107
562808347
734516413
843161102
708420564
753311124
296537596
957032812
309894716
76642233
464443974
946326458
736037032
440354440
965729294
36325089
269535426
915492989
469579024
34355686
814961628
532115607
479488024
719021052
439959440
131646561
545769005
779326851
528911603
455451477
419949146
933095104
707888275
637504559
44741809
505606641
28033506
878683993
39347656
627846556
680625201
649159803
179655491
597942773
933998195
398828675
740652783
489085611
362257286
771305318
511964292
560497730
944328614
700099188
851380645
572229512
747178950
579799023
838813287
895129674
321058681
181578274
369365527
327263407
633550477
279032378
878911870
359136940
824010676
269179796
174077551
634400261
335079186
625244720
221720899
924942445
130804145
843393247
626052148
129212739
985580223
430395279
94625626
418150444
464117897
801151560
191012631
367767892
884461239
200350118
999662076
139431092
207509151
119008115
638707487
582584722
463427097
779256665
132747415
568907779
368893657
856774442
772287297
219094959
335790040
586302199
325967701
455948317
604117094
668892541
693590808
174329111
491909943
38595443
685332561
534252203
829394574
279259988
109006771
61642931
204435627
918969366
418500925
695594905
896717807
270525363
310833439
986883827
379643546
25039511
888907121
809671412
801605868
441662125
496003918
512140693
198568692
911770155
594811037
964612723
798962617
246259455
338519615
387644280
575598462
712664274
533746704
848362495
489605184
919951334
335346670
306659218
925361620
884706069
40121608
651695574
503965458
656577640
98535764
551944948
585076302
452850083
603814496
793941982
119001364
353390165
523514453
950587672
657098349
634005550
316068574
694072597
571538745
198967416
71198561
969646769
836604013
578085881
853324340
450459409
477012385
373682155
572022157
406650205
803351328
25238075
716781342
939453932
47753931
445718242
377705933
263599576
325185509
141003525
701036965
882636154
664851257
337159755
660523262
599480863
258882408
382865031
90857362
825129910
36895099
439264261
903420859
628455201
429234690
122162388
482188810
78186665
436201298
706913751
42132574
270858119
571665757
712060725
989288014
395330600
402049826
910731975
328973837
446574935
855231006
526204808
433482019
685702207
426481947
716850453
949298721
582404430
67559809
806991478
490941629
789266373
728410838
606773982
617250162
172328437
694161249
857168394
471292041
645753046
193040797
871617562
791514674
547091499
919080667
816007764
559130076
205633631
246707807
518761325
354128752
822714207
365318876
153726291
712173999
710080775
163131409
24298761
523043974
788367859
338422007
187442783
746791518
332159121
785432205
223998672
776401234
111012715
665576521
881113675
891164049
246373530
964126342
854235510
128537810
835125253
712409026
724778477
309440556
707600466
606729315
5601629
283971394
913403703
753951714
631830608
216678621
11811078
459155244
727639742
920397575
339216786
459264209
642710379
356601619
584738882
607217536
965092661
306630412
204292912
170387762
523926887
919404116
431579232
164459075
137956527
86591388
218404924
102575100
200043917
86250867
141865296
147039013
639616285
483725127
673730514
682296924
31762200
949487012
760418775
769450148
539264145
367513053
823617669
101015962
352339766
90660586
681418696
428975839
75306593
616265521
407676625
807288407
388134470
125080899
818866251
971259278
857033412
489390438
394701523
78891840
486401046
382947894
975129792
534314896
182987463
355074428
233326358
867458013
353482608
898695226
153185493
867911547
463718559
269575599
91003106
606311568
107083175
419529132
636904766
559085462
568488335
733090938
377260392
830751748
926589888
916954890
92179933
114986043
706317118
995438894
358403108
758594870
157839115
82580224
244708691
785674497
535670387
105481094
607686607
129948849
642424262
591844898
806417469
779923484
578716229
796329881
375015685
379350066
708744622
817019479
81388997
257119714
608783056
273480943
728539180
169862266
138881622
513490089
464710192
180442554
792709269
67154637
313515702
943279426
973143161
499287729
537647241
776188902
151187841
703777836
799759454
761397935
737160434
383248883
975520421
450854250
240904396
755958651
888458073
948276219
388009439
931899673
451489131
225157086
699091726
899422948
259966602
787796594
376349808
401005094
537108907
94747213
857191877
820805623
39364738
94574829
703969435
839305927
221886722
734879983
482818733
882849147
784544611
713511088
330063439
488460518
942071396
134606447
409609464
521657668
211817557
362623449
618402869
49038579
244185410
224287558
905545138
444436771
265106091
826680038
247111336
951762674
872995580
966239027
529104836
217854315
78776486
632405254
759151585
512116241
952686040
704988432
818187797
524016796
793648133
677414839
152112459
718314422
201821703
283408952
658725214
446496225
58485477
410376925
737089757
796669928
633544258
523702844
650034985
533977364
885740120
971766232
816265586
39705064
351378549
212033346
311700930
723301333
713126920
676195691
31867294
116736920
974523977
605515829
663855275
43937950
814953490
564192420
682529282
625002236
414335147
18658888
584594705
851334349
124025419
734704589
35936840
344221621
309483398
756641732
47093089
343772823
691186520
701458063
34857231
640547984
817525156
259544434
296196948
152331056
480355495
634583424
570911505
134489450
476302739
210560696
953195777
109328630
557380070
936266923
902275773
109821514
175947560
612390165
968616952
867014169
139080511
943057803
968774859
567131364
458099232
432541519
819349225
31373177
818822089
943613890
423849925
654518014
282078268
329811545
510453421
105798089
351465175
389422548
937945159
196555286
340578663
620298749
681843633
857243059
106768840
384368016
794340496
46693283
472224838
501462401
523698630
739324602
638187853
223457468
920839215
37318896
700181328
81795048
894755756
321731481
205457722
804284871
655510260
332832286
896497080
682502470
663966709
821689110
73744128
112593571
73250802
512465753
354301489
820277315
14456086
233776643
553444008
158091333
504345646
208943203
962107768
662388120
291962974
650601375
922797003
627018128
731975223
502900182
938651980
824469447
688063653
865695928
524472838
866581061
433824113
245024778
105921576
358517570
406913725
22481159
463838744
605080599
42737607
341340530
10475861
338140055
197509352
926506790
838614297
488641251
432239006
596322697
838409424
47767020
4488325
360956543
595629518
498214495
996044792
481270049
331978726
858388312
172492371
569274360
632549650
70441613
140850660
343917455
142032980
711906879
438677099
103220595
525175635
647321037
415637408
502388373
437421988
251751505
145671784
855685922
332430889
311715842
462071736
556405040
88642348
733117107
514615250
278524526
755209038
266223243
417473938
107794894
801931812
978623530
9481135
531972465
317121104
505584013
784760774
439446525
542297685
552589710
406552244
682917316
500972040
654882940
564415866
244688358
321628707
351996143
83405162
183564549
933536581
138301873
331149243
520194031
202629163
690549059
576879779
835735612
575083746
964204597
923129174
168814079
584634123
677251114
225944794
471094446
416329152
905949660
405358398
991828440
764764264
931965541
293878474
966671269
81807539
436412823
144667791
43777909
276569264
432706598
890660154
524724765
870785391
901643490
1820438
746754188
82128583
694941621
673705997
664586905
128097259
640292690
840039820
372297251
441917002
501757373
813971511
587797604
274665815
559121097
500595167
450380217
193104801
670501535
541752390
272459579
848910183
88188053
29102492
601432424
971139311
635610398
13202618
193947240
323304821
563930111
788600716
353854322
102050265
908765922
310845952
512918511
314354554
937906966
167796436
163275495
217990216
848808966
480941033
720686489
686035084
305972426
528975159
3980888
658829898
763200300
69668182
105127856
853969821
214803427
70746434
624770097
665337036
515286691
950523921
500928441
651653445
892018964
637673469
7848359
164316226
485091576
643334682
15748173
565297571
978513635
601420978
376912675
688353677
293725314
684302387
490868861
721801046
221854815
586340728
881147764
383585841
919452396
512061500
156262465
858380090
694258241
835259030
201132554
910106759
334907841
206362218
95973917
809720416
278348630
1519569
602481001
32088201
309684692
396643874
634376625
972721015
266874400
293362867
690191533
839716964
664932641
825523370
438310540
54431159
519677153
876155561
416752008
110256796
940765685
737620504
880521622
948780784
958776928
352001410
639767560
820268944
265164254
587858363
973141499
862869787
694810339
733236692
980705789
798242875
224840557
287489103
27681930
765521738
849889497
271227820
621780844
930643858
835302742
205491933
602782182
145064948
323679385
588934725
938397184
412461778
346574844
459010444
425553987
205315600
774252869
763974442
711944388
199094817
896093647
960445335
75165389
897253257
562108612
541747088
179142161
725343506
393303995
125137233
958370561
980756460
643824348
413216026
831331731
759480127
902560063
747425571
467069699
129149212
18056330
112428812
262114781
392870455
300286659
693400717
570139516
22628290
692993799
84038607
71854774
636467481
450599192
950234243
621087713
739016926
755515412
360336900
845550766
868950300
80144242
424783390
898527504
610383746
279164724
508063322
167296094
655526336
245970829
174388136
113250437
482947031
254271597
350464135
571138580
731934858
780716874
278311026
92502151
735882351
69392195
210010018
873702970
829230869
962428211
407493440
406802110
774934242
248911045
464004325
462472314
625936374
388033672
603076830
64752693
855185342
