20
20
rfPJQiglh 408721843 251036812 971
lHUSFcBD 276898362 44853694 467
IajPRsfzYshcDgPp 643950781 270920784 700
DY 431535141 319663991 186
htXskoMroMkxo 362632518 541365545 913
ELfKqgTnmNwiWqhPC 38984756 985822719 825
jEVokBw 351010034 788397717 936
ImMuzlFWDmlFkozWcF 641976022 308505726 854
RONA 690231865 260469312 560
WSb 922872425 140140858 818
aSLYWRefTzBztroVi 949522468 285108864 843
i 863691288 679380385 497
gCWrbUkhcgIdHdwvz 202714572 500108782 436
BlCML 813103917 383475943 444
xWiKfKqnPZRnws 128149488 961861596 275
oDhAPfRGJkUi 731025779 423043854 1
cfj 372934015 76357118 830
gAJjppQRgXimguGq 141448777 261274350 777
uf 189733008 69666609 126
HNPtYgiQyOnIAvDj 996778860 691912157 562
18
TzzKZnroXEgQcMyUmoH 663078709 701187375 124
hTMGnGZOh 893527793 344417760 177
k 514843537 660765278 419
LaQiqvISnq 952097288 626764197 355
OPmeopjIBTsqsebgETO 718995943 963158794 926
adpanPQeBvTTebUZwm 154705555 6936919 36
QCzrrdItiavVpL 345792884 652949547 275
y 602307255 851140534 725
i 759949408 477317635 46
SYwCRecM 56437583 410480223 466
ZXv 34514322 652694918 207
pFztwZ 813906696 762677220 896
UpaJswJvhPUEmTi 952151741 989085913 678
jWiJZx 695486337 15055263 873
FFTBOqj 112301487 589431177 310
otGYurItBtuzxukASm 395057897 717332131 195
RUlJNSiBLQZiIJDJCxkA 785715629 829486406 500
JsnYUFsFqFAAiL 463130981 74455566 946
19
UVXUoTw 443666515 208015020 100
jvxccnhco 940486141 557735029 938
tmQpjPlAjhC 389930031 325090093 120
nYZQoiUcCMJCaPYMHN 468630156 504073636 635
Zzvns 277865365 800471679 586
KXUOagXEGOcuySuxtRfd 954471819 109729083 891
uKVHJHGdWgm 680176870 501525025 606
KjlH 842406279 811185547 726
ifzhZJCIS 126337656 548969612 888
FkiRaZDJKmqpcYO 91169295 759341000 628
IREDDTDKqRrb 431359037 946531950 468
nZEcBETCnNdCgOwMtzf 769722402 760781622 434
QNeRdUFeBJIFcKUpPX 632867418 536275943 779
SuHQjMRACXR 563318972 820186502 749
takfW 265709396 539779857 813
mvmEpWwBKpdMouTIV 501134385 127779439 151
eB 773511810 884463560 622
iwBmOXLPiAsWpOSx 597391008 14618869 798
eDJxE 58796914 159944635 976
18
NQXYHhBzg 417182111 26188796 850
QqWAUaJtGtKMPlrPbH 383398304 296839133 933
guIelKD 697581001 392829331 73
opiJcvYpmQQVf 649606173 144631245 792
vnSgxWKxwptYF 550195295 933941560 682
creVplp 216976922 359777841 594
wvRttDTpUMpZXYPKd 397780180 34173257 601
WBP 589874311 448323933 888
rUplXICsxUtws 203092720 314016440 899
bKIZLAoBYkE 128324113 2966538 642
uPQTLlPDWydNYzpik 384982610 938521952 104
PzgTARgYnYQGj 496337979 907511181 657
lVTCD 305430754 326214396 57
bPXHjXBrvornvDptu 5410906 788022411 491
dqpWrgunIl 384622748 64646563 229
hhHVEKKxEzOuZ 950458473 945984548 318
K 245573547 522210390 821
dEVx 557885140 978469385 409
19
ijThapi 968472586 917971395 903
IUkJFsUKwqIRtqtRdf 585590397 281549473 199
SRlHPEVXYFIdZdQVT 892200227 929560827 976
rPggpQWhKovSDzPDzU 169232317 407257497 129
HUhvjoACfgKVYhejxZd 318603297 275328236 492
TEJjYbrtI 744024517 85899880 427
XVBwe 899605020 884790982 569
KELlsepdNqggLpvrqmBu 405770323 358729046 109
oDpAH 401471789 922068622 509
CdNUKuHbRaRfcnQaL 824626856 539272879 147
rNIXHV 728647332 921721790 478
L 988235789 101349477 7
Pivf 298257207 681933033 487
SLLIv 259949292 157938859 624
MURXLx 405501752 221642846 67
opX 782190696 28035706 120
MCOHMFAXgVjAniL 885002633 690340665 831
fGGeFBqeswqWm 999707335 797435979 2
Y 736689957 932959400 241
18
WQRn 330713057 840337102 118
rMq 294556991 316804266 313
xHgxfYZ 288903140 215610686 876
lUbIUwKCW 899578851 34889414 193
uxyTgGQLf 963745634 638387936 671
voiWYeuigQMuEh 526598793 965118165 32
sNnf 596881682 780403528 970
QMeyLDdFNJy 881457129 497504627 788
mjWJDjYKgiyLzQbL 3557527 700380675 924
PoeRUIbrX 983655859 627812759 826
zr 597093842 513177897 545
XTFZSfEyWtcPpMr 957374377 351761596 510
tKGkXnCTXkTSRsMw 12777663 834466395 279
HDBQPhEUoxHuheJLagX 400894944 674280890 200
myHEo 703691841 909953859 505
DkfsJmOrQAeqICLjqZX 130232044 899373067 309
Dk 691293646 360042708 169
SU 706223053 204676482 54
19
nTOzDgAajnXxj 435285049 449072658 694
dCpXyDEJlBwZQ 917606576 646832144 100
VHHsEqAFKqGWvknSLSWw 176514864 490054185 17
rjEnDZ 498581631 52658471 877
fqnOoi 744064252 948490834 415
KZbDeTox 100908673 199805234 886
TOJYjQOXeDF 720371823 763749223 589
ECN 821032313 572441516 82
rusMcna 939136876 962740707 999
IhOpPZMsLQWYAGgXnS 586193498 429547044 751
eXl 815960074 216674006 763
PbooPIbge 712510109 550605248 540
aWhMCTmI 38144701 574723889 720
GQoJgFZogh 100665177 399291479 424
FRTOGVhUd 896368433 122339877 153
egq 50159805 316078941 165
xWMmc 938357160 633856246 491
DzhzEJwJh 905601432 586199725 966
EBvgFVeR 463793983 270563539 368
20
P 405443404 863571521 540
UMQgzfYFmEGKknf 581145317 673262097 373
nWJDuJASMimBaSciqJ 108085627 34917715 467
lwKcUnpkJynfHPywZkZ 519120656 368051095 838
GUel 882826146 309826216 400
vir 47911032 650344931 256
JxxjJyLocxmPDG 33333673 716049479 8
aRfkJKEbFfcO 838728839 113578886 445
e 852082810 267087984 866
pBKTsuVKBGT 268350035 743826029 986
HxY 186526743 8572014 297
CMVPOK 149298726 952172826 236
XwhqjvoconLNnTbMMwOr 116680884 916062408 954
YaRTBorK 906599283 15372232 11
KNiyhKmVGA 173161815 183675276 574
jvkkMbXTCE 356425709 503181022 95
bDWNAEqRX 328138849 552080135 363
xSOJeqgZUlPAnsWXTBW 923935427 948946840 1000
EnmqJQnbex 692539025 956895359 589
yRFqPFmtbXXdWSb 395981374 986452090 287
18
ujhbgnKwF 262688042 486475199 918
oyvLxYJrb 22122037 953000654 675
pkhzoN 897505783 276978500 403
iIICZixkfWWyxKWqroLI 371137913 185590086 430
PT 495130622 552183012 222
Ceobrvx 807090946 548477716 512
qH 328725299 712160786 859
af 735205694 643844142 912
rxCxldQIb 277770158 174105493 21
WEPx 743407601 427271995 168
yIjkAjDZlAnORvRWZrD 64491007 357859574 823
OGd 122608294 49807775 507
mempDXSqljmfhnWk 758048610 718101731 784
ElOgf 288268383 460612142 518
Xmqu 575169998 495158252 276
xKl 17339787 99149896 869
EoeuUlcDuNAJkmAGTJ 213211571 912321377 280
NpMfkxA 6765438 879549939 911
18
NObNYnb 492683238 276102226 912
pL 328121376 749684530 80
qofGCltk 333337488 234698377 96
sapsUMd 240276690 186906315 854
OjstZJ 961642400 292958734 861
PMwLzKDZ 533231784 871410832 665
gWOmXExPZ 456904121 245898090 416
imCW 828828538 534456309 369
YPsLTsUpHiM 601393228 79112214 918
OKTZU 995668220 853102449 109
pIKpzCcS 693222245 36671642 11
tlbGqHwBCWxk 409018541 594774011 648
aNLaPns 254429481 866323436 843
kEySWhPXkNxwmlBE 589809384 19031559 63
ty 586859472 917781670 908
Z 808270053 891879095 696
teRGbNUorZ 420136867 863883572 282
cbKkNMLRlW 253822025 226045430 394
19
ifrwAHnB 90802794 74779004 75
AFgMuUXMFVOqyXHvmSb 432258415 984876646 342
dipBNLduT 931212930 887922185 622
Jrnjqv 549319037 389376815 615
pDIV 500407883 273387474 796
mCoDrc 158719265 449500630 960
MFkvlZFzcuCMPL 999435234 709885091 971
MnOf 105551115 454155506 744
fXvPThp 364648293 264536780 416
mWlQSXO 351219057 754210365 856
aTOlJVIFNDOeEWzDJh 466572652 345506566 571
wfC 528650760 950655195 590
NKWivDXat 550733043 752959950 26
KbgFIizgqB 712624450 763182809 392
tBJEYMbzFFFwKPxUqeBa 867480673 335910439 926
UcxLnrowvpkyop 119477678 301499998 293
mCRndFQkktBgVyTIRjgo 165244353 192230317 494
KXMuiyxzNag 153694447 285124040 732
UpTFHfNXfGmUn 266535187 849944174 177
18
xTkz 757168835 689214229 874
tluoq 249172868 281521177 392
PTBYZoV 209451169 332688704 597
ygSoAHsVVOKLT 18890472 599361633 130
zHLA 417351041 889309256 661
jAzrvP 941124103 763687914 72
zLqhemNMZpTkpqsrVQs 6774501 70883897 812
USrKtqlEISLW 784920344 999551166 475
mkzeFryOLSrz 538303156 151452902 430
nHT 440839026 52101242 518
QCzXRjyvQRtHdo 679868885 553741142 382
HLDqGaro 748400458 182452389 492
kUfKr 206928257 864419884 262
dlTmKG 246370742 475018552 873
DUgcqsHmcESPv 498784612 276609762 225
ylcMXL 66861341 799005238 213
YZQcrJkdNoXcL 360857032 192482199 256
gIitfV 912678565 389012857 129
19
FSZwblCpBZ 77657150 421594798 398
MOCVwvctyEnWNpTSHt 673994396 658027266 93
SVVFm 512626208 904115257 98
RAYKa 839739358 346608975 519
k 19302210 736312678 12
lbniYUxev 271007112 607962245 669
UCCZcbTqTEoIHxbEK 493431752 268139936 892
KjqJLKZoebq 982123332 633293208 735
fmUnM 722964108 29667992 859
KZJwkbFYlGMsKCYpwXnI 47753231 755094071 715
NkkzEW 194883446 724953182 978
leHxWRbWi 916751395 49904857 170
N 302399287 445224769 319
HyA 373476929 982950529 258
hLfGiYigGhCcpDAey 41149633 622143786 655
fD 10690548 331027950 157
fQdNadXGkFJoWopBnzZ 220937189 976282168 809
ILFF 688643457 109805633 954
inV 742321744 267388514 204
19
ECdgbyofhcKRQsXIYjQ 322376018 518466129 624
zJonKeTMHzQ 900975365 546670592 665
IkCHsCrILAGMHVLRlab 26238415 956247099 638
DJbueJDOLKHNdPBey 343659178 558393729 887
bKXVaVqGA 936287442 976277999 504
wGM 367393973 335187192 550
VmJQmsYpCvmcQ 354258283 446289054 724
POpnVeTR 936246431 761548029 376
dDqVbgXySbqXl 694823613 711258091 368
PLQt 851065590 782731537 96
Hf 742637127 339866341 994
InYjdYxnEelcZdPSWtD 59520506 888878606 121
kKkVzqdOPoTnNGT 375032445 966951018 474
nvHSjYZ 477097153 729486930 751
O 843417752 415670640 215
qtxZMRtMm 497261647 300092878 823
xeVGDJzlhqXYJuet 416452212 962833455 957
f 703961903 337858395 912
ESH 44232792 737419135 953
18
iDyG 573165842 116811979 839
BYwlfwjcvimbc 558508687 846129592 821
wIyzi 242337557 600075915 887
CzpbMU 456597852 893844003 742
WFhkZopq 446890542 95121281 356
cnraEu 479252403 378817502 947
knnpalXHVwXmO 163807132 811914014 840
ZiYcmuFgr 784071464 499470112 147
xMLwvhUSvjDjSAe 456624718 426402963 698
QLHjGGvpsVmghKb 545664156 920938034 339
wIYaG 674780063 166895176 818
qYhYec 906144055 774892997 3
PFw 561541123 604829845 720
UXlCZzH 464857121 201496616 561
YWSOUPq 661421047 584215172 847
iEPJnLgY 339626155 979872286 992
e 756068021 196005715 108
wbePCcw 452098387 549127856 68
20
S 743636418 722504678 924
qGlVsWpbdc 747279777 81180291 815
PUgrPjisdNFvGYpxeCu 766345693 483232222 574
BKVrUfiQMZgX 346287985 533730214 558
gdNdj 904963380 74492541 55
WyMI 921795620 993321312 839
PPZOzZPxGoFLdiuxhD 598789456 186943993 162
UpiYswRHLSV 763517568 390457141 866
RM 555026428 994382841 829
WDcKxfGmNee 767539137 20978881 315
LOX 23712452 739407129 373
PKTz 872721354 477234430 768
EhmtnseLFCGPO 150929524 561177544 464
neRyxRWOUvpwbyKwmCa 823057584 88776516 179
bpgn 575174691 351223128 549
ptXDpuVNyvXuJ 641774678 435198113 555
KxWcdlloncQoRlL 340377867 289259727 568
NOaz 347557856 152062868 410
J 39383235 795017912 436
rzbjnswapyHjpnZ 835590734 443964667 941
18
NmDLNQOYriXSRm 657863223 273201945 989
nGLoJAogoWZdl 128284933 255661726 187
ooW 480021043 806640141 617
YktoqgEcgtIwPJBcOt 210820808 519233218 496
vhWDdSACeVSVB 701945754 928657336 222
HSKjIDmvfLWTifRNJL 425308828 944370560 870
NDLyvwg 241705128 352824106 388
bvBORwwZNKiYAxp 532675583 814082125 646
zgoHKDxACTDZwSrsqsFA 958506582 687209212 16
F 97756817 327905615 664
GyJJYloTpNQj 701926445 240811509 735
aXGBuWiVPZoiAuJ 489093369 605496448 861
oJsXq 727010165 109227436 611
qJuNfdiWeyFetO 701913974 918516639 186
CGsZwxaPQcIilCvt 639031715 127038734 85
PxKHyJtTJwadx 877783127 89517874 7
xApcw 124902436 571741547 170
WMEJTCSpyDN 272329437 704905011 915
18
EqNFf 240176722 926666454 248
WNOKtXGYSvWxk 383864267 529469749 533
M 428057171 444700419 995
jAsqQqfeBZejxwevtqtb 806848386 298125778 371
bgblzKlscd 413503268 519200832 429
uhmAEfqxjfPHgVc 910513658 686191346 393
GwtkHcUulK 272254743 379364778 464
Mwmr 482110710 604993677 238
pEbuVKSOuBr 896424929 369929773 506
wiZzuWONljoyJvP 227699747 217259180 349
ZedsUBwwSXsBwUXuK 787692817 547091366 427
YVU 516118152 262751312 80
mQxiuVfMUzNRTNLda 257275568 313277154 542
zZbigKVlwlKHf 328239979 48563989 974
VhWgmYclcFTEgs 98559175 222578674 688
qxYxEHLYjYiEhENUFRh 672738159 572605974 900
wVWNJkfGkEmrPLbQVH 803892590 286685426 707
DnMfcTcYQaOZKtfuyu 855701786 773257486 90
19
HDtcKiHZuPepT 927464011 58422437 976
mnbkh 581613990 877105647 80
CSTXWFGeH 639283878 681010087 253
AKgfruuS 412189748 496835208 810
SJ 968433549 661053840 716
xNtBievyuvlCDcwxuCd 752371258 466023271 897
JopAvbZkxbubW 445733886 403783323 352
iv 371060205 978819900 794
yzPGIfXlbaKnXlizIDYC 731937589 5594196 772
vVxcIX 39594180 64299136 11
wFCHtaUDBEGZiPZJG 254055284 916335411 201
aDIxkvbMUJ 952620496 464782721 288
tE 435956224 152586635 209
kRfNjnSJSCiCxmOtX 705000989 400933222 629
uAZpODOmPfRcrgW 494520979 117488468 117
ZqTYXr 712851077 14077832 827
oIeTWQid 992220591 340607815 469
RkMRJNkENHwOfj 389211078 990793246 582
kDxuJH 420847218 925387553 731
19
S 212963282 349712265 587
DqiiB 484351121 238888033 702
QRHmaOufQOmjSE 204403317 421642705 903
U 272202808 638342030 595
yHwfzNmmPdIuVXg 2294890 245850670 558
tbdpvsURve 556832423 923700299 482
lrGO 944641530 998235672 922
QWVqvrtBIRtci 626444440 697615067 162
AdgTjWvMiWWC 164715197 948607942 157
atbrOgZfPyZcWBFCVpZs 802259308 457831916 94
wlLoENJIFXQGCHh 859123600 233590586 874
CGGXHR 503387528 940518945 992
fvxsEFZDVgiEpOnUv 337282718 202502763 369
SBjBgD 968926438 486342208 759
HDAmAIUEZir 420734019 449281143 621
GBA 851889625 646699269 416
RxoPzvSzKujeyI 278092819 739891828 99
zwicZSoanDMgc 786686677 227191793 567
ilmo 191631804 547211982 793
