1000
192611669
192497153
192168209
191998199
191561309
191306579
191215901
190234687
190064551
190016023
189926333
189433379
188860559
188658089
187473269
187185643
186720553
186640859
185591479
185513753
185483429
185267113
184508707
184465207
183626293
183067723
182406331
182405281
182257879
181656367
181461473
181252303
180906821
180710713
179918723
179827603
179486173
179468417
178957631
177859229
177482219
177355193
177175919
176804609
175866653
175085653
174331127
174011603
173850241
173508347
173419243
173209627
173031037
172916407
172484399
172154447
171065399
170796419
170247377
170026019
169323503
169131247
168365761
167987399
167765987
167673827
166880881
166808729
166576877
166346227
164553359
163990369
163957369
162575057
162128069
162011873
161989757
161844649
161263807
160930769
160643849
159365707
158919073
157247879
156461803
155999147
155964241
155946629
154757789
154631987
154567711
153483959
153469733
152917747
152702917
152644127
151838083
151537739
151211743
151110419
151028693
150554627
150460747
149349611
148883513
148036151
147791027
147665491
147241379
147218849
146624249
146027747
145950377
143873687
143649853
143089123
142645429
142525751
142471163
142110257
141868589
141160423
140896237
140655589
138961507
138959021
138747097
138320027
137456581
136768381
135143861
135025277
134816849
134717269
134541047
134141321
132529673
132428053
132190853
131747027
131343893
131000629
130969019
130824313
130791313
130625039
130144463
129774767
129519491
129156877
128999177
128685737
128363407
128244667
127162067
126794849
126357347
125951621
125273839
124799063
123791069
123080939
123023167
122939039
122375189
121862093
121797059
121689511
121638109
121438319
120918439
120775579
120242699
120150263
119730427
119673769
119488751
119389877
118535579
118214329
117972479
117954029
117403381
117077557
116341163
116134709
116032043
114810649
114687613
114028349
113891777
113480833
112997761
112988027
112847837
112342561
112230257
112216649
112095703
112031191
111202297
110858281
110162333
110084641
110063543
110036363
109437287
109115779
108052349
107172119
106999667
106853533
106767559
106470527
106418513
106270231
105620363
104934737
104771467
104768791
104668231
103856351
103482233
101913557
101689309
101375783
101253049
100849337
100697369
100571089
100164677
99794183
99276179
98560039
98311327
98060789
98006999
97857719
97503629
97428193
97277057
96874343
96796649
96656257
95658421
95590673
94940843
94825261
94750429
94447099
94192963
94031489
93717947
93578039
93415849
92926381
92707679
92563637
91592887
91456049
91444303
90727993
90646379
90409357
90332507
89749453
89079323
88331857
88227949
88018643
87164149
86778451
86599379
86372207
86132413
85863959
85811549
85739441
85474121
85217491
85077221
83987279
83592671
82804457
82373881
81824027
81004093
80841349
80800471
80702159
80296127
80043727
79973281
79091249
78881779
78632069
78535763
78328541
78318113
78298673
78281327
78255283
78170111
78031277
77912929
77513297
76787027
76785041
76394699
76146277
75888763
75858667
75845599
75391759
75324439
75256963
75255119
74162639
73958579
73867301
73402907
73370639
71670377
71526779
71227879
71095889
70784171
70599761
70522457
68643073
68453989
68414933
68271611
68249473
68162971
68049383
67913311
67872289
67719671
67445311
67410773
67085269
67053989
66742399
66011287
65809127
65801353
65675941
65465363
64866293
64851547
64818599
64803419
64563271
64393669
64223923
63863081
63850649
63399253
63238319
62812721
62278379
62047541
61921813
61747817
61673551
61625813
61614661
61512271
61379779
61348303
61315937
60951967
60917959
60549509
60194353
60114449
59847269
59463121
59236169
58944229
58671527
58635307
58491193
58361861
58035847
57971131
57696271
57561397
57542983
57305021
57204223
57181097
56720539
56369959
56192761
55521833
55192061
55101283
54972221
54711029
54609977
54384493
54261827
54224923
53747909
53649191
53380277
53251993
53161991
53091359
52688347
52270199
52158661
52157761
52147577
52052893
51990157
51496283
51436499
50939467
50931313
50748091
50459303
50349331
50205139
49378559
49327277
47794339
47784307
47452687
47394679
47050183
46818029
46792091
46572193
46315499
45836117
45821767
45779849
45009397
44808791
44762677
44747047
44706773
44561519
44409923
44222309
44144069
43945247
43825841
43786579
43659839
43469267
43424039
43416179
43219651
43137209
43100969
43043437
42896779
42693419
42526591
42361409
42118579
42117073
41721271
41578091
41378167
41275957
41205163
41190703
40901489
40886947
40880027
40635109
40472743
40397983
40229957
40129619
39995609
39916799
39823349
39590021
39439271
39312047
39199309
38750659
38589347
38548589
38440607
37971403
37953677
37763387
37539119
37515113
37416109
37395433
37147471
36874879
36699599
36687223
36165163
35834941
35707949
35665757
35553527
35452409
35354867
34964653
34833763
34781633
34613129
34248917
34231991
34150979
34064011
33788309
33727987
33400109
33368141
33154489
32592389
32125901
31992239
31857479
31680497
31317919
31234387
31233343
31152679
30948427
30933509
30713497
30548603
30441977
30331583
30228901
29754523
29648849
29587277
29407643
29238743
29230699
29188619
28923451
28914209
28904509
28789157
28762319
28689629
28684697
28684339
28338181
28259963
28247701
28123829
27989383
27883949
27774211
27769877
27729313
27617159
27598603
27562541
27469957
27450677
26736851
26422007
26162209
26071181
26034677
26010077
25864919
25748213
25674403
25526363
25180511
24905743
24799679
24764953
24643709
24626179
24624049
24314761
24225869
24215263
23918399
23891327
23577269
23444563
23400781
23364563
23223413
22987589
22902743
22898411
22802737
22407503
22334827
22181129
22103581
21544603
21471013
21362351
21196421
20936221
20902523
20837447
20738573
20734139
20659031
20467339
20377801
20341369
20241379
20175011
20044711
19816477
19672127
19593323
19411477
19217257
19136107
19130681
19000529
18966289
18927709
18803777
18559589
17909263
17844139
17826203
17738713
17644769
17639903
17549849
17347657
17326753
17190493
16933933
16877911
16816147
16674479
16646387
16459321
16421143
16295131
16156769
16048829
15926903
15728099
15645919
15638027
15620629
15598181
15596881
15591131
15559741
15535241
15304277
15017939
14738203
14608163
14471537
14449789
14175149
14171593
14169161
13991609
13700917
13689527
13666901
13607821
13588063
13521181
13418789
13380359
13373117
13329193
13318303
13299739
13021837
13007549
12804329
12760541
12758477
12703319
12675643
12636581
12632611
12522509
12346909
12305011
12288217
12263627
12224039
12206347
12203797
12164777
11971237
11956039
11939281
11939129
11881979
11870627
11714471
11710351
11678047
11584127
11563967
11543071
11445719
11395369
11331179
11328007
11293127
11003449
10994453
10969187
10953539
10585037
10464031
10372717
10210241
10172663
10093327
9977029
9903521
9832187
9707249
9589339
9577609
9492467
9477049
9144503
9111941
9075929
9075751
9018539
8981443
8974379
8906309
8718989
8678717
8654879
8562443
8546399
8517739
8427889
8426401
8401229
8401091
8225449
8211377
8082209
7919537
7787203
7779539
7666441
7651307
7646591
7588943
7499929
7469719
7349653
7290197
7154363
7135993
6995669
6957871
6921059
6809399
6789869
6781183
6768379
6700861
6645277
6615403
6589859
6526433
6388111
6384421
6381377
6308119
6301991
6295649
6183311
6178547
6112097
6098777
6041741
6001379
5822051
5792669
5701057
5630231
5603797
5552777
5534801
5415089
5354627
5289377
5226761
5186693
5179087
5041021
5038843
4950973
4925203
4923617
4921069
4900039
4790803
4783091
4730113
4583291
4561709
4540271
4507271
4417877
4356917
4308427
4283551
4270339
4218059
4207573
4118011
4116403
4082083
4074397
4068377
4045589
4002211
3979909
3957469
3904301
3829099
3787891
3768691
3733277
3689047
3682453
3655871
3648949
3628799
3609187
3588439
3570059
3502861
3470381
3351437
3309289
3184067
3070523
3054127
3027029
3020627
3004069
2982493
2962189
2908537
2901149
2892187
2881199
2872087
2845121
2812721
2739343
2738969
2695529
2669041
2666203
2634323
2597069
2518889
2494927
2426159
2415739
2398397
2379409
2377289
2361661
2348047
2329781
2275381
2261261
2224543
2206049
2194303
2179313
2140373
2123809
1961189
1952141
1883179
1877549
1861843
1845743
1837603
1818671
1780153
1768139
1757381
1742651
1735513
1704317
1683109
1682743
1642577
1621513
1584839
1562831
1549679
1530041
1453351
1449059
1445471
1422919
1406813
1406299
1394339
1369237
1359227
1338511
1316057
1313009
1295627
1293337
1281233
1278847
1269673
1244413
1206901
1192739
1163779
1131931
1101869
1094617
1089307
1065371
1060483
998771
980699
952013
942841
937103
935897
903113
891757
889159
865861
850859
829271
828827
828521
824969
819839
809849
800881
796457
794429
793157
779497
759527
756731
749699
748081
732857
732661
721453
719963
719309
687377
685309
683779
657997
645377
644681
605791
598337
598321
595759
568819
563833
541319
535981
533161
531721
528007
520199
518663
518569
505387
488857
484651
477709
472877
462877
460219
