1000
382538929
939400529
352096183
736365467
230694337
433417679
544837613
832665199
482366869
432504227
877988197
514456013
404927759
565181191
464207467
49856813
508525859
955396487
532935283
44568701
60304943
489909611
669851123
68829349
275694689
896590879
681004243
194846209
928547647
139591279
914904461
347740313
673163339
54266699
947223931
183200399
812674649
947019613
414369181
994899811
719088311
389609761
653543843
100377397
772819679
737933701
365773817
298716647
808327109
433603021
679831639
723018071
728421329
748242149
602596009
374695261
280821461
908638099
876189857
80092813
993264359
447961519
932322667
363112039
795071441
695876329
911691329
66127871
955453867
741796357
606996739
707028953
211003073
421779343
826443391
607014077
173253127
49696391
545984093
427197359
162922387
537491197
241465517
285260831
17390873
366036247
701496071
874009483
699828893
713356537
947221553
530953327
185184289
913501921
222591373
309454267
469009531
365419763
199207733
320481829
466322177
190247929
29016373
71866061
859948511
602588557
959831063
711571139
683773613
91347679
582275693
386709881
213007219
730101289
519810029
731567611
874689029
157969739
37991321
866087633
340490881
827535323
621129127
728890919
615546787
214261781
290284321
553313071
785353951
725690527
540187861
276470699
378543623
364827847
781864367
166875361
335722031
119006621
748815307
935202167
945374917
818217119
765409529
720297047
700894471
925604201
949729511
115769917
877155589
117218749
692516791
56136467
604625599
480188209
40841267
324483781
892404481
251370967
171680401
119722013
806211691
265157843
979550773
854595799
905419577
877481543
606720661
971364127
727222157
734356457
728243899
325138309
678479311
738324827
930119569
586215899
286249993
781550683
641498731
62001937
28319293
565882319
33023261
209860601
707349749
227503733
540054737
11876521
178658693
566131
836791757
675745181
523401349
365570741
982214047
6971101
9668651
32146321
582625391
110620463
981317003
158453903
449656217
436594163
840846781
62586701
770789171
214111897
233191927
390448181
296770181
800653741
909534443
862531447
896495191
659993167
853404193
70010527
279772673
756438311
815195219
82992619
425026799
625666207
544158941
904772549
74749151
609697351
967058567
1893823
670985129
787750219
586340567
236844533
609598721
933608971
67031219
901146929
804934969
297899131
332305723
699092461
754173103
687779329
936010223
423471341
940940183
174828349
198282737
993696247
373829231
953794969
741082157
35730869
883930913
101883389
662109089
356118937
563084861
642993731
597044263
449959943
551981641
529207883
501518671
597593201
509171021
749600893
904514473
100933501
108065417
886637651
703079677
362804171
551270393
414410753
392136707
420597293
503622767
950389543
590065433
505169809
340382557
143138893
679422101
706294231
114995407
123482057
641837983
834050251
322746601
639656597
161931629
589422373
75930473
462965677
528204163
64047421
325975829
412472101
964285459
181242629
895710691
705706129
164304331
27179693
524450161
725207279
914225771
391853041
501576121
703503239
688815713
671431427
58877479
900930731
799531339
943336813
415497937
991972507
156068321
156343043
661905581
311590001
773282407
101676437
92134291
465269401
261196631
73808221
778908539
635211649
598131089
625309859
844332121
753320033
362567021
636966569
454791551
298438117
786916057
958037557
191764057
285084251
689046887
1157609
457444159
560495827
890062933
378846049
481022219
357745313
597393341
801984683
16338121
822333037
908784341
640883389
148931641
732604471
183078523
921712093
413612827
273107563
184861627
686101583
633665443
107400697
68182129
591002927
704580649
957005209
379136041
811352579
60523391
901555139
501705247
272425261
976471571
781423499
470994077
267512111
814125133
328994539
289029991
503311681
649661
899153417
509414687
687566123
99502369
661153271
2915369
653150423
79295621
58222181
68525279
452629657
772058591
274867427
840817573
400018429
483927097
480667897
546833069
328426297
133858801
393812813
763596143
286423063
378140317
622934509
380153101
899016607
551704199
108838451
796419683
43839331
592666163
42459779
234332321
724862519
307009081
193299959
955866533
845159531
73382779
142349191
747403493
553687921
839850397
99092233
249175471
448463551
854994401
455656577
80912717
667526359
104059187
463908587
601575409
292199641
636154819
812671
512087207
509110963
499097471
922484597
160246321
121156283
914224133
571447133
606758077
212990629
230635003
377361617
376611173
312698779
30753979
750356941
237443161
445022771
796788809
248033663
147910979
659718911
806989751
886072937
552062683
675768733
205875799
926801021
750820171
837166927
103942183
321088177
361297999
179756209
145625419
356518661
945689663
240104701
335943721
207912469
819785557
469678093
191237377
643176967
525103153
465819923
994478021
720289579
88760149
896675519
808788749
87464161
792741949
758039929
189927847
890452477
339914849
714962477
634429667
340519679
489666911
902039399
709132643
595655623
847146871
757635041
581065439
624547969
576845987
323217109
234436063
89967949
402790573
3994223
102153487
11840251
645847547
963350191
371224883
361682317
13500691
739781347
118014989
849125327
174276757
487539803
515931641
633825397
698256259
896192027
585122981
784228427
521692543
853693051
883782269
631612901
487604947
665310551
823138033
453207431
743349679
34727233
424045829
430567513
110765593
363658931
546266009
296813941
563316337
909400489
411561949
136979207
103958467
5410627
436899961
633464927
291764401
604052209
630758437
127704277
296406871
148332991
559249921
129438689
836715289
909810071
668831057
654415213
115708669
951056401
723389917
295578593
221497051
125713183
884697811
217388189
372510643
737938687
555801773
983105021
685771843
463810357
816011377
107654207
333700907
995911373
426130403
559299823
894379663
324077447
880905241
183667739
33862853
923544623
489317627
378368077
272953787
753281687
313501711
637616549
105590369
420529061
328212551
9692279
517092151
405809983
726549121
460858513
983080363
801839369
292217581
408372961
928901807
946658203
428401997
986920063
612121553
352174993
35019967
464652403
122971367
175513901
817404041
207789503
975598219
984702871
441262397
401698357
501889043
467777377
193217267
192191071
376615139
224751367
159090223
494674459
828908519
527108207
597513019
267332047
243221233
778659397
466602161
46691609
505205287
139237907
911836729
651944603
266911787
713700047
839052587
622684471
57575431
111953539
644403103
975657901
166716617
875493347
884899661
346956793
162908219
339933953
536353913
76381127
556867261
453990913
283208539
308072461
54275113
735765169
46357579
874164449
191199251
445148819
847666637
523835029
226544053
991820177
873908093
35250133
884557543
984800611
284497111
74517491
739313087
424377691
977155411
301019707
3176821
485463647
943438973
849472739
731603893
221292199
642401537
715482437
997152803
676303051
60647683
92753747
670657027
189746701
11818603
681352123
97323661
324026303
113007259
810938123
406276951
856510181
966031733
541409243
188608841
719799767
541951169
659134937
121269781
656924531
693297887
310853239
587352419
465210101
359224837
399396367
423779011
982789723
506766773
295233583
640230463
432856121
179329541
541560337
401874541
270126539
532799819
386920189
920866469
906018601
464610583
44771269
507791413
846857807
809224679
675901771
215455879
725407909
682115207
884969759
701699839
953249657
306643163
601681439
339984977
664992047
262588597
544818667
170936761
834900359
645413339
252985877
829802551
738656467
880114111
673436221
614786099
1712927
168452117
414478993
517776421
185212301
438014459
62994991
269255879
791099567
66961507
716730467
360297547
610837267
148290943
434629841
823573
465927271
869686849
951255953
592180571
637059317
530259949
319488311
103354183
200144467
938830463
504785231
7565923
724540517
780219257
307720741
985169929
875993281
973682777
30388643
162661403
159235381
42110119
94327433
473814371
692587751
656038613
905515799
47151683
191672237
772751767
786083509
669109933
732116027
552592661
256668019
689234933
764718307
846157199
473172361
930719819
595118207
425107003
814945843
938566381
974339843
704662229
419927969
956732947
126075283
514502227
860499613
128963111
847543519
344333699
738306071
695447393
280113583
651926017
293962703
121592357
73898549
435653851
2923493
189690373
366011501
967819423
245846273
547315999
39418243
393196283
887028161
814122479
296819857
158478413
954111559
577335023
820696211
130364489
60596083
914234479
851330237
43764223
136722247
841471793
669293549
38832779
648436303
121469977
635149187
50170597
306826297
136230797
28323499
971734021
649219951
415043459
822654277
508716911
153157997
329342149
486571157
3148807
716775067
223892593
270256073
601621613
781351271
369145333
597897847
147528119
803574881
183271313
924142601
406441043
688171481
177854107
992238077
50538737
951487091
16435567
321651301
907518103
277786237
389050303
941697863
727716179
197805247
865238761
995975699
199025633
799170181
541467919
26484391
383173367
716258747
354150703
970431661
340185119
690137671
35869063
270490321
143400841
920842271
962891183
576375047
164550079
106849921
237957337
544925687
890071901
531089563
994458097
135569017
875896781
151530493
159315839
412375213
847248107
768330461
491426597
734297159
217540277
401276657
302343193
233096977
440998813
906427237
712244609
299018651
601451141
379717379
13203677
517255547
945026153
952945871
769175753
514166329
776537393
922227827
338684471
649574017
475620241
16526687
968832653
121913399
952848173
379371497
936851843
301203157
793322477
683834399
184415977
20589181
37903937
997249667
106107377
384002429
31687697
470870143
790570741
249169621
138546979
94455203
191115107
886461001
913346807
95619649
361110943
565016059
906736283
201030829
388908809
800327509
547457951
737558573
