96
6 0
110000
6 0
110001
6 0
110010
6 0
110011
6 0
110100
6 0
110101
6 0
110110
6 0
110111
6 0
111000
6 0
111001
6 0
111010
6 0
111011
6 0
111100
6 0
111101
6 0
111110
6 0
111111
6 1
110000
6 1
110001
6 1
110010
6 1
110011
6 1
110100
6 1
110101
6 1
110110
6 1
110111
6 1
111000
6 1
111001
6 1
111010
6 1
111011
6 1
111100
6 1
111101
6 1
111110
6 1
111111
6 2
110000
6 2
110001
6 2
110010
6 2
110011
6 2
110100
6 2
110101
6 2
110110
6 2
110111
6 2
111000
6 2
111001
6 2
111010
6 2
111011
6 2
111100
6 2
111101
6 2
111110
6 2
111111
6 3
110000
6 3
110001
6 3
110010
6 3
110011
6 3
110100
6 3
110101
6 3
110110
6 3
110111
6 3
111000
6 3
111001
6 3
111010
6 3
111011
6 3
111100
6 3
111101
6 3
111110
6 3
111111
6 4
110000
6 4
110001
6 4
110010
6 4
110011
6 4
110100
6 4
110101
6 4
110110
6 4
110111
6 4
111000
6 4
111001
6 4
111010
6 4
111011
6 4
111100
6 4
111101
6 4
111110
6 4
111111
6 5
110000
6 5
110001
6 5
110010
6 5
110011
6 5
110100
6 5
110101
6 5
110110
6 5
110111
6 5
111000
6 5
111001
6 5
111010
6 5
111011
6 5
111100
6 5
111101
6 5
111110
6 5
111111
