100
94 84
0000000000000000000000000000000000000000000000000000000000000000000000000000000000000000000000
99 6
000000000000000000000000000000000000000000000000000000000000000000000000000000000000000000000000000
91 19
0000000000000000000000000000000000000000000000000000000000000000000000000000000000000000000
91 38
0000000000000000000000000000000000000000000000000000000000000000000000000000000000000000000
93 81
000000000000000000000000000000000000000000000000000000000000000000000000000000000000000000000
100 29
0000000000000000000000000000000000000000000000000000000000000000000000000000000000000000000000000000
97 18
0000000000000000000000000000000000000000000000000000000000000000000000000000000000000000000000000
97 87
0000000000000000000000000000000000000000000000000000000000000000000000000000000000000000000000000
91 35
0000000000000000000000000000000000000000000000000000000000000000000000000000000000000000000
100 69
0000000000000000000000000000000000000000000000000000000000000000000000000000000000000000000000000000
94 80
0000000000000000000000000000000000000000000000000000000000000000000000000000000000000000000000
94 77
0000000000000000000000000000000000000000000000000000000000000000000000000000000000000000000000
97 8
0000000000000000000000000000000000000000000000000000000000000000000000000000000000000000000000000
99 45
000000000000000000000000000000000000000000000000000000000000000000000000000000000000000000000000000
96 16
000000000000000000000000000000000000000000000000000000000000000000000000000000000000000000000000
94 47
0000000000000000000000000000000000000000000000000000000000000000000000000000000000000000000000
100 22
0000000000000000000000000000000000000000000000000000000000000000000000000000000000000000000000000000
92 54
00000000000000000000000000000000000000000000000000000000000000000000000000000000000000000000
95 27
00000000000000000000000000000000000000000000000000000000000000000000000000000000000000000000000
95 76
00000000000000000000000000000000000000000000000000000000000000000000000000000000000000000000000
98 57
00000000000000000000000000000000000000000000000000000000000000000000000000000000000000000000000000
99 72
000000000000000000000000000000000000000000000000000000000000000000000000000000000000000000000000000
92 65
00000000000000000000000000000000000000000000000000000000000000000000000000000000000000000000
96 83
000000000000000000000000000000000000000000000000000000000000000000000000000000000000000000000000
93 19
000000000000000000000000000000000000000000000000000000000000000000000000000000000000000000000
100 65
0000000000000000000000000000000000000000000000000000000000000000000000000000000000000000000000000000
91 36
0000000000000000000000000000000000000000000000000000000000000000000000000000000000000000000
97 30
0000000000000000000000000000000000000000000000000000000000000000000000000000000000000000000000000
92 42
00000000000000000000000000000000000000000000000000000000000000000000000000000000000000000000
96 66
000000000000000000000000000000000000000000000000000000000000000000000000000000000000000000000000
95 59
00000000000000000000000000000000000000000000000000000000000000000000000000000000000000000000000
99 64
000000000000000000000000000000000000000000000000000000000000000000000000000000000000000000000000000
93 76
000000000000000000000000000000000000000000000000000000000000000000000000000000000000000000000
92 23
00000000000000000000000000000000000000000000000000000000000000000000000000000000000000000000
96 92
000000000000000000000000000000000000000000000000000000000000000000000000000000000000000000000000
92 13
00000000000000000000000000000000000000000000000000000000000000000000000000000000000000000000
91 53
0000000000000000000000000000000000000000000000000000000000000000000000000000000000000000000
93 43
000000000000000000000000000000000000000000000000000000000000000000000000000000000000000000000
97 42
0000000000000000000000000000000000000000000000000000000000000000000000000000000000000000000000000
97 89
0000000000000000000000000000000000000000000000000000000000000000000000000000000000000000000000000
91 0
0000000000000000000000000000000000000000000000000000000000000000000000000000000000000000000
92 52
00000000000000000000000000000000000000000000000000000000000000000000000000000000000000000000
99 29
000000000000000000000000000000000000000000000000000000000000000000000000000000000000000000000000000
95 3
00000000000000000000000000000000000000000000000000000000000000000000000000000000000000000000000
92 25
00000000000000000000000000000000000000000000000000000000000000000000000000000000000000000000
94 65
0000000000000000000000000000000000000000000000000000000000000000000000000000000000000000000000
99 60
000000000000000000000000000000000000000000000000000000000000000000000000000000000000000000000000000
94 57
0000000000000000000000000000000000000000000000000000000000000000000000000000000000000000000000
92 39
00000000000000000000000000000000000000000000000000000000000000000000000000000000000000000000
94 7
0000000000000000000000000000000000000000000000000000000000000000000000000000000000000000000000
98 80
00000000000000000000000000000000000000000000000000000000000000000000000000000000000000000000000000
95 19
00000000000000000000000000000000000000000000000000000000000000000000000000000000000000000000000
94 68
0000000000000000000000000000000000000000000000000000000000000000000000000000000000000000000000
92 72
00000000000000000000000000000000000000000000000000000000000000000000000000000000000000000000
94 55
0000000000000000000000000000000000000000000000000000000000000000000000000000000000000000000000
100 24
0000000000000000000000000000000000000000000000000000000000000000000000000000000000000000000000000000
93 18
000000000000000000000000000000000000000000000000000000000000000000000000000000000000000000000
94 57
0000000000000000000000000000000000000000000000000000000000000000000000000000000000000000000000
93 23
000000000000000000000000000000000000000000000000000000000000000000000000000000000000000000000
99 28
000000000000000000000000000000000000000000000000000000000000000000000000000000000000000000000000000
97 90
0000000000000000000000000000000000000000000000000000000000000000000000000000000000000000000000000
99 65
000000000000000000000000000000000000000000000000000000000000000000000000000000000000000000000000000
96 40
000000000000000000000000000000000000000000000000000000000000000000000000000000000000000000000000
100 31
0000000000000000000000000000000000000000000000000000000000000000000000000000000000000000000000000000
91 56
0000000000000000000000000000000000000000000000000000000000000000000000000000000000000000000
99 1
000000000000000000000000000000000000000000000000000000000000000000000000000000000000000000000000000
91 79
0000000000000000000000000000000000000000000000000000000000000000000000000000000000000000000
92 25
00000000000000000000000000000000000000000000000000000000000000000000000000000000000000000000
92 60
00000000000000000000000000000000000000000000000000000000000000000000000000000000000000000000
96 3
000000000000000000000000000000000000000000000000000000000000000000000000000000000000000000000000
97 46
0000000000000000000000000000000000000000000000000000000000000000000000000000000000000000000000000
93 30
000000000000000000000000000000000000000000000000000000000000000000000000000000000000000000000
99 96
000000000000000000000000000000000000000000000000000000000000000000000000000000000000000000000000000
91 31
0000000000000000000000000000000000000000000000000000000000000000000000000000000000000000000
96 64
000000000000000000000000000000000000000000000000000000000000000000000000000000000000000000000000
97 87
0000000000000000000000000000000000000000000000000000000000000000000000000000000000000000000000000
96 32
000000000000000000000000000000000000000000000000000000000000000000000000000000000000000000000000
98 23
00000000000000000000000000000000000000000000000000000000000000000000000000000000000000000000000000
92 69
00000000000000000000000000000000000000000000000000000000000000000000000000000000000000000000
100 17
0000000000000000000000000000000000000000000000000000000000000000000000000000000000000000000000000000
98 77
00000000000000000000000000000000000000000000000000000000000000000000000000000000000000000000000000
94 12
0000000000000000000000000000000000000000000000000000000000000000000000000000000000000000000000
93 77
000000000000000000000000000000000000000000000000000000000000000000000000000000000000000000000
97 95
0000000000000000000000000000000000000000000000000000000000000000000000000000000000000000000000000
93 0
000000000000000000000000000000000000000000000000000000000000000000000000000000000000000000000
92 83
00000000000000000000000000000000000000000000000000000000000000000000000000000000000000000000
94 46
0000000000000000000000000000000000000000000000000000000000000000000000000000000000000000000000
93 38
000000000000000000000000000000000000000000000000000000000000000000000000000000000000000000000
99 87
000000000000000000000000000000000000000000000000000000000000000000000000000000000000000000000000000
91 10
0000000000000000000000000000000000000000000000000000000000000000000000000000000000000000000
95 28
00000000000000000000000000000000000000000000000000000000000000000000000000000000000000000000000
92 45
00000000000000000000000000000000000000000000000000000000000000000000000000000000000000000000
97 66
0000000000000000000000000000000000000000000000000000000000000000000000000000000000000000000000000
99 38
000000000000000000000000000000000000000000000000000000000000000000000000000000000000000000000000000
93 69
000000000000000000000000000000000000000000000000000000000000000000000000000000000000000000000
93 31
000000000000000000000000000000000000000000000000000000000000000000000000000000000000000000000
97 48
0000000000000000000000000000000000000000000000000000000000000000000000000000000000000000000000000
92 10
00000000000000000000000000000000000000000000000000000000000000000000000000000000000000000000
94 42
0000000000000000000000000000000000000000000000000000000000000000000000000000000000000000000000
98 65
00000000000000000000000000000000000000000000000000000000000000000000000000000000000000000000000000
