100
98 80
11111111111111111111111111111111111111111111111111111111111111111111111111111111111111111111111111
95 3
11111111111111111111111111111111111111111111111111111111111111111111111111111111111111111111111
99 90
111111111111111111111111111111111111111111111111111111111111111111111111111111111111111111111111111
94 61
1111111111111111111111111111111111111111111111111111111111111111111111111111111111111111111111
97 25
1111111111111111111111111111111111111111111111111111111111111111111111111111111111111111111111111
97 60
1111111111111111111111111111111111111111111111111111111111111111111111111111111111111111111111111
92 1
11111111111111111111111111111111111111111111111111111111111111111111111111111111111111111111
97 49
1111111111111111111111111111111111111111111111111111111111111111111111111111111111111111111111111
99 3
111111111111111111111111111111111111111111111111111111111111111111111111111111111111111111111111111
93 39
111111111111111111111111111111111111111111111111111111111111111111111111111111111111111111111
91 55
1111111111111111111111111111111111111111111111111111111111111111111111111111111111111111111
100 86
1111111111111111111111111111111111111111111111111111111111111111111111111111111111111111111111111111
96 27
111111111111111111111111111111111111111111111111111111111111111111111111111111111111111111111111
97 47
1111111111111111111111111111111111111111111111111111111111111111111111111111111111111111111111111
94 74
1111111111111111111111111111111111111111111111111111111111111111111111111111111111111111111111
94 6
1111111111111111111111111111111111111111111111111111111111111111111111111111111111111111111111
96 36
111111111111111111111111111111111111111111111111111111111111111111111111111111111111111111111111
97 30
1111111111111111111111111111111111111111111111111111111111111111111111111111111111111111111111111
94 64
1111111111111111111111111111111111111111111111111111111111111111111111111111111111111111111111
99 20
111111111111111111111111111111111111111111111111111111111111111111111111111111111111111111111111111
95 13
11111111111111111111111111111111111111111111111111111111111111111111111111111111111111111111111
98 64
11111111111111111111111111111111111111111111111111111111111111111111111111111111111111111111111111
98 53
11111111111111111111111111111111111111111111111111111111111111111111111111111111111111111111111111
99 81
111111111111111111111111111111111111111111111111111111111111111111111111111111111111111111111111111
94 69
1111111111111111111111111111111111111111111111111111111111111111111111111111111111111111111111
94 30
1111111111111111111111111111111111111111111111111111111111111111111111111111111111111111111111
93 85
111111111111111111111111111111111111111111111111111111111111111111111111111111111111111111111
94 60
1111111111111111111111111111111111111111111111111111111111111111111111111111111111111111111111
98 71
11111111111111111111111111111111111111111111111111111111111111111111111111111111111111111111111111
96 90
111111111111111111111111111111111111111111111111111111111111111111111111111111111111111111111111
95 21
11111111111111111111111111111111111111111111111111111111111111111111111111111111111111111111111
97 74
1111111111111111111111111111111111111111111111111111111111111111111111111111111111111111111111111
95 32
11111111111111111111111111111111111111111111111111111111111111111111111111111111111111111111111
95 6
11111111111111111111111111111111111111111111111111111111111111111111111111111111111111111111111
96 84
111111111111111111111111111111111111111111111111111111111111111111111111111111111111111111111111
99 54
111111111111111111111111111111111111111111111111111111111111111111111111111111111111111111111111111
91 2
1111111111111111111111111111111111111111111111111111111111111111111111111111111111111111111
96 74
111111111111111111111111111111111111111111111111111111111111111111111111111111111111111111111111
99 80
111111111111111111111111111111111111111111111111111111111111111111111111111111111111111111111111111
93 76
111111111111111111111111111111111111111111111111111111111111111111111111111111111111111111111
92 14
11111111111111111111111111111111111111111111111111111111111111111111111111111111111111111111
92 79
11111111111111111111111111111111111111111111111111111111111111111111111111111111111111111111
97 62
1111111111111111111111111111111111111111111111111111111111111111111111111111111111111111111111111
94 46
1111111111111111111111111111111111111111111111111111111111111111111111111111111111111111111111
91 53
1111111111111111111111111111111111111111111111111111111111111111111111111111111111111111111
100 93
1111111111111111111111111111111111111111111111111111111111111111111111111111111111111111111111111111
98 88
11111111111111111111111111111111111111111111111111111111111111111111111111111111111111111111111111
99 2
111111111111111111111111111111111111111111111111111111111111111111111111111111111111111111111111111
95 13
11111111111111111111111111111111111111111111111111111111111111111111111111111111111111111111111
93 86
111111111111111111111111111111111111111111111111111111111111111111111111111111111111111111111
93 78
111111111111111111111111111111111111111111111111111111111111111111111111111111111111111111111
100 15
1111111111111111111111111111111111111111111111111111111111111111111111111111111111111111111111111111
98 51
11111111111111111111111111111111111111111111111111111111111111111111111111111111111111111111111111
100 61
1111111111111111111111111111111111111111111111111111111111111111111111111111111111111111111111111111
98 50
11111111111111111111111111111111111111111111111111111111111111111111111111111111111111111111111111
98 29
11111111111111111111111111111111111111111111111111111111111111111111111111111111111111111111111111
95 36
11111111111111111111111111111111111111111111111111111111111111111111111111111111111111111111111
93 22
111111111111111111111111111111111111111111111111111111111111111111111111111111111111111111111
98 39
11111111111111111111111111111111111111111111111111111111111111111111111111111111111111111111111111
93 21
111111111111111111111111111111111111111111111111111111111111111111111111111111111111111111111
100 74
1111111111111111111111111111111111111111111111111111111111111111111111111111111111111111111111111111
100 58
1111111111111111111111111111111111111111111111111111111111111111111111111111111111111111111111111111
95 46
11111111111111111111111111111111111111111111111111111111111111111111111111111111111111111111111
94 27
1111111111111111111111111111111111111111111111111111111111111111111111111111111111111111111111
100 84
1111111111111111111111111111111111111111111111111111111111111111111111111111111111111111111111111111
93 40
111111111111111111111111111111111111111111111111111111111111111111111111111111111111111111111
97 78
1111111111111111111111111111111111111111111111111111111111111111111111111111111111111111111111111
96 76
111111111111111111111111111111111111111111111111111111111111111111111111111111111111111111111111
94 35
1111111111111111111111111111111111111111111111111111111111111111111111111111111111111111111111
92 16
11111111111111111111111111111111111111111111111111111111111111111111111111111111111111111111
93 60
111111111111111111111111111111111111111111111111111111111111111111111111111111111111111111111
95 66
11111111111111111111111111111111111111111111111111111111111111111111111111111111111111111111111
99 75
111111111111111111111111111111111111111111111111111111111111111111111111111111111111111111111111111
98 21
11111111111111111111111111111111111111111111111111111111111111111111111111111111111111111111111111
95 27
11111111111111111111111111111111111111111111111111111111111111111111111111111111111111111111111
98 61
11111111111111111111111111111111111111111111111111111111111111111111111111111111111111111111111111
98 34
11111111111111111111111111111111111111111111111111111111111111111111111111111111111111111111111111
95 15
11111111111111111111111111111111111111111111111111111111111111111111111111111111111111111111111
92 91
11111111111111111111111111111111111111111111111111111111111111111111111111111111111111111111
97 24
1111111111111111111111111111111111111111111111111111111111111111111111111111111111111111111111111
96 94
111111111111111111111111111111111111111111111111111111111111111111111111111111111111111111111111
100 17
1111111111111111111111111111111111111111111111111111111111111111111111111111111111111111111111111111
100 61
1111111111111111111111111111111111111111111111111111111111111111111111111111111111111111111111111111
99 56
111111111111111111111111111111111111111111111111111111111111111111111111111111111111111111111111111
94 47
1111111111111111111111111111111111111111111111111111111111111111111111111111111111111111111111
91 20
1111111111111111111111111111111111111111111111111111111111111111111111111111111111111111111
97 83
1111111111111111111111111111111111111111111111111111111111111111111111111111111111111111111111111
93 89
111111111111111111111111111111111111111111111111111111111111111111111111111111111111111111111
93 72
111111111111111111111111111111111111111111111111111111111111111111111111111111111111111111111
99 24
111111111111111111111111111111111111111111111111111111111111111111111111111111111111111111111111111
98 29
11111111111111111111111111111111111111111111111111111111111111111111111111111111111111111111111111
95 52
11111111111111111111111111111111111111111111111111111111111111111111111111111111111111111111111
91 47
1111111111111111111111111111111111111111111111111111111111111111111111111111111111111111111
96 53
111111111111111111111111111111111111111111111111111111111111111111111111111111111111111111111111
91 18
1111111111111111111111111111111111111111111111111111111111111111111111111111111111111111111
98 16
11111111111111111111111111111111111111111111111111111111111111111111111111111111111111111111111111
98 63
11111111111111111111111111111111111111111111111111111111111111111111111111111111111111111111111111
100 60
1111111111111111111111111111111111111111111111111111111111111111111111111111111111111111111111111111
98 14
11111111111111111111111111111111111111111111111111111111111111111111111111111111111111111111111111
99 61
111111111111111111111111111111111111111111111111111111111111111111111111111111111111111111111111111
