100
99 98
011011111110111111110011011111011110001100010011111111010110101101111111111111011110101101010101111
99 98
011100010010110000010001000100001011001101110101100101011100111010011001100111000010100111111011101
100 99
0110010111111011111111110011001010111011011001111111111111010010111011110111101111101001000110110101
94 93
1110010001011100011100011011000010000011110000011110011101100001000011000001110001111010000111
94 93
1111111001001111111011001101101011101110101001111011111011001101011111101001111101111101111100
91 90
0000001100000001110100010101101001011101101100000001100111000010010000001100101100010000000
100 99
0000111000000000011000000000000001000110001000000010000000000101000000000000100001000000000001001000
99 98
111110111111111111111111111111111111100110101111101111111101111100011111110111111011111111111111111
92 91
00000000000000100000000000000000000000000000000000000000100000000000000000000000000000000000
99 98
000010100000000101001000011000110000000010000010001001100010000000000001010000101000000000000001101
98 97
00000001011000000001001000111111000001010100100010101010001010101100110110000000100010001011100010
100 99
1010001100001110101100100010100111000101110100001100100110010001000010000000000000111000000000000100
95 94
11111111111111111111111111111111111111111111111111111111111111111111111111111111111111111111111
100 99
0000110101100110111000000111100100110111010011011111000101110100101010100101011000111100000010001011
92 91
11111111111111111111111111001111111111111111101111011111111110111011111111111111111111111111
98 97
11111111111111111100111111100011110110011111101111111111111111111111111010111111001111011111111101
99 98
111000110111010001111101011110111100100011111100111101111011111000111111001100011001101111111111001
100 99
0010001101001000110110110001110010111100011101110001001100101010001111001001011111111101111100110110
95 94
11011010010110100101111001111111010010101001011001111001001100110011001101001001001100110100111
100 99
1101110011000011100011011000111110010100110011110011000001100101100000101100101101011000110011001100
99 98
111111111111111111111111111111111111111111111111111111111111111111111111111111111111011111111111111
93 92
001101100101110010010100000000010001001000011010010101110100110010000010011010000110001000011
97 96
1101111110100011001101111011111100111101101100011111111111111011110100011111111101011001110010100
92 91
11100110100011111110110001010001101111110101111110111111100111011111010111110100111111111101
100 99
0011111010111101111111010111111101100111111100100111001011111000000111101011101100111101001000101100
93 92
111010001111111101111011111110110110111111111111111011111111111011111111111111111100011111111
100 99
1111111111111111110110111111010111111111011100111111111011111111111101111101111011111111111111011111
92 91
10100011110010110101010101101111110010000101011001111110100101000010000101101100100001110110
99 98
101010100110110101000011101100110111011001001010111110100100111011111011001100000110001101001011110
99 98
010000001000010000001000000000010000100000111011000000000000000000000001000000000000000000000000000
94 93
1110001101111111110001111111111111100110101110101111111101111101101111011111111101011111011111
95 94
00001000101000000000000010000000000000000001000000100000000001000000000000000000000000100000000
96 95
001000000000000001000000000000000000000000000000100000000000010000000001100010000010010100000000
96 95
100101000000000000100011000010010111001000000000100001001001100000100010000000100000000000000000
97 96
1101011111011011110100111111111111100111011111111011111111101111111111111111100111111111111111110
97 96
1101011011111001011101011101011101010111110110000101111100100101111110111001111111101111101110101
100 99
1011101101100000111000001110000001100101001110101110001100100011000100001111000101101110111111011000
99 98
001000100100100110100000101000000000000001000010100010110110010000000010010100000100000011000010000
93 92
011111011111111111111111111101111111111111101011111011011111101110111101111010111111111111101
100 99
1110000001011011011010011111010100110100110100101010010011110001010010001000011011011100101111011100
97 96
0000100100000000001000000000010000000000000100010100000001000001000000101001000101000000000000101
100 99
0011010101111110111000101001000010100001000001101011010011110111101111111100001001111000111111000100
94 93
0010000101011010111100101010000110000010110011001010011100110001110111111011100101111110101001
95 94
00001001010000000110100000000101100011010010111000010011110001000101000010000111010100101000000
99 98
000000000010000000000010000100000000000000010000000000010000100000100000000000000100000000000000000
96 95
110111000010110110000111001000000000111011111010100111110001011011011010010100100011001101111010
94 93
0001000000000000000000000000000000000000000010000000000000000000000000000010000000000000000000
94 93
1010100110110101110100100111011101000111111011111000011001011011111011111111110111000100110110
96 95
011011101111101111110010111111111101001001011101110100111110101110011000011111011000111011111101
100 99
0111010010100000011111011110111011001110010101110111000111000111111100101110110111001110110110101110
91 90
0100000001010101000011100000010100111000000100010100010010000100100010000000100001010000010
94 93
1110111011111111111111111111111101111111111111111111111011111111101101001110111111111111111111
95 94
00000010001000100010100001001011001000100101000101000000000000000010101000000100000000000110000
98 97
01001001110100011110101110011110010100100111001011000100001111010101110110001000010010100000101110
92 91
00000000000000000100000010000000010000000001001000100000000000100010001010000000001000000000
98 97
11000111110101011100001001011000111110000111001100011001111111001110100100111100011110000101100101
96 95
011110111011111001011101111110100010110111101111001111001011011101001101111111111100011111000011
99 98
000011000111100000000000000000010100000100001010100000000101001000110000001100101010000101010101011
100 99
1010101011000000011011110110011100011101111001111001101101111011000111101010001010111110000101111001
100 99
0000110110000110010111100001000000000000001100111000000111101111011000110001000000101011000001111011
98 97
01001010000110000011110110010000000011000100000010011000110100000101110010100010110101000110111100
97 96
1110111111011111100101101011001111110010111101011111101010000011111110110111011111001111110101110
94 93
0111111111111111111111111111111111111111111111111111111111111111111111111111111111111111111111
94 93
1001101010100100000111100110100101111011000001011011100000001011101111101111111110111001101011
100 99
1011110110011011000110110010101001011000001100011110000000101010111000101011010101001111100100000101
91 90
1101101010001100000111110110100101110011010110111011100010100011001101000111010101010101010
96 95
001101000000000000000000000000000000010000000000000000000000001001100000000010000001000000000100
92 91
11111111111111111110111111111111111111110111111111111110111111111111111111111111111111111010
91 90
0000000100100011000000110001000010000001011100000010000001001000010010000001001000000001000
95 94
01111011011111111011001111011111101100011111101111100010011011101111101101011100111101101011110
91 90
1111011111111111111111111111111111111101011110111111111111011101111111110111111111111110111
100 99
0000000000110000100110001000011000001000000000000101000000100001000001000000010000010100001000010011
96 95
000100001000000000000000000000000000000000000000000100000000000000000100000000000000000000000000
94 93
0010000111000100010101011001011000010001000010010000010001001000000000001100111010000000000010
97 96
1111111111111111111111111111111111111111111111111111111111011111111111111111111111110111111111111
91 90
0001111001101011110011011101101110111010111111111111110111110011111110011111111111111001111
91 90
0000000000000100000000000000000000000000000100000100000001001000000000000000000001000000000
96 95
000000000000000000000000000000000000000000000000000000000000000000000000000000000000000000000000
97 96
1110011111111111111111111111111100011111001011111101011100101110111110011111111111100101110111011
100 99
1100111011100010111100100110101110001100001001110000100000110101001110110010010110011010011000001100
95 94
00000100010011000000000000001000000000000010000000000000000000000000000000000000000000000000000
93 92
000010110101000010110000001010100000000110001110110011110110001001101011010011100000010110111
92 91
11111111111111111111111111111111111111111111111111111111101111111111111111111111111111111111
91 90
1111111011110111111111111111111101011111111101111101111111111111111111111111111111111111111
100 99
0000100001000000001100000110010010000100101000000000000000010001000000000000010001000000000001000000
95 94
10111101111011110011111111111111001101111101111010111111111110001101010011101110111100111111000
91 90
1111100011010000011000000001001011110000111011100011000000010110011111101101101000101001110
94 93
1111111010111011011011101111111101011111111111011111111111111111111111110110101111111111111111
97 96
0011010010111111001001000101111111000111001111111011110111011001111111001010110100010111000111000
94 93
1101101111011011011111111001011011110101111001000111111011111111110111111111111111011000101111
99 98
110000101110011010011011011000011001010001100101100111011001011101000101001101111100000010011001110
91 90
1101111111111111111111111111111111111111101111111101111111111110111111111111111111110111111
92 91
01101000100000111000101111100001010011101011101001111101111100011001111000100111011100100010
97 96
1111111111111111011111111111111011111111111101111111111011111111111111111111111111111111111111111
100 99
1110010110001100010111001101101100100100011010101011100001101111101001101010001110001011010001101100
96 95
000100100001011010010000100000110000000000011000101000011000000001000000000000000000000000011000
95 94
11111110101011111110111011101110110111111101111011111110101110011111111111111110111011111101011
95 94
10101101001110001110101100100101000001010010111111110111110111001101000001010111111010000000100
99 98
000000000000000010000000001000000000000100000100000000000010000000000000001000100000000000000000000
95 94
11111111111111111111111111111111111110111111111111111111111111111111111111110111111111011111111
