100
96 0
111111110111111101110011011111010100101111111011011111111111111111010111101110010111101101010011
100 0
1101111001110000111001111000111011000111100000110001110101111001000111110001011010111110110001011110
98 0
11010111111101000100111110010001111010100111101110111010000011100010111101001111110001100011110011
94 0
1110000010010000011110010011010000110010001010110000011010010001110100000011000000001010000101
98 0
01000000000000000100010010010001100000000000001000010000000000001001100010000001000100001011001110
93 0
111011110111111110011111011011111111111111011111011110101001101111011111011111111111010111110
98 0
01010001000011111000110001010111110100010010000111100010110110101000110101001111111000011100100111
92 0
00000010000110111000010000000000000000100000010010000000000000010101001001110000001001010000
100 0
0000100000100000001000000000000000001000000000000000000000000000001000001000000000000000010000000000
96 0
101011111100111100111110100000001001110001101001111100100001010110011101101001010000100011010001
98 0
01000010110000000000001000110100000010011100000100000010000100000010010000000000010100001000010000
99 0
101011111110100001111001111101010101101101111111010111111111101111011011110111010011111111001011101
92 0
10001100101011100001000000000010101100110110100101111010110100001101111111100101111110011001
93 0
011111110111111101110111110011111111111111111111110111111111111111111111111111111111111111111
93 0
111011111111000110110111111111001001111011101111101101101111101111111111110111111111111100011
93 0
111111011111111111111111111111111111111111111111111111111110111101011111101111111111111111111
92 0
00000000000000000000000000000000000000000000000000000000000000000000000010000000000000000000
94 0
1011001100011101100111110100110111000011100100110011111111111101111011110011101111111101110111
98 0
00000011110000010010000000010001001001010000100000010100001001001011100100011100011000100110000011
98 0
01111110101111011110111011111111111111010110101101111110101111111111111011111111111111111111111111
92 0
00111110011101101110010010111101111011001001111110111100110001110111101111010111011011110001
99 0
111111111111111111111111111111111101010111111111111111111111111111110001101101101111110011111111111
92 0
00000110010010110001011010001001000001010011100010001000101100000011011010100110100001001110
100 0
0001000010000000110100000101001000111001000000000000000000000000010001000001000000111000010000010000
97 0
0000010000010010000100100000000000011100011000000000010001100101100100001011101000010000000100010
95 0
01000000001001010010000001000000000000010010001000000000001000001001101010011001100001001100100
95 0
11111111111111111111111111111111111111111111111111111111111111111111111111111111111111111111111
96 0
000000000000000000000010000001000000000000000000100000000000000000000000000100000100000100000000
98 0
00110100100010000110000100100011010001010000000110100010010000001010001001100000000001100000100000
93 0
100000001100000011000010011000010001101100010110001110010000110001010110011000000001000111101
100 0
1111100111111000010111111111110111101010011100010111110010100010111011111111101111111011100100111001
91 0
1000101001110111001110011101110001111111111011011111100101010011111111011111111111101011000
91 0
1111111111110111101111111111111111110111010111011101011100111111111111111111111111111001011
95 0
11111011111111111111111111111111111111111111011111111111111111111111111111111111111111111111111
94 0
0000000000000010000000000000000000000000010001010000000000000000000000000000000000000000000000
93 0
111011011100110110111101111110011110110111101111101100111111000110101101010101101101110010101
96 0
111101111111111101111111110111111111111110111101111111111111111111111111011111111111111110111011
95 0
11011010010010100001000011000111011110110000110110010011100011110111100111100000011001010100100
98 0
01001001010001110010011101100000000100010101011101001011011000101010000010101110010000111100101001
98 0
11111111110110111111111101010011011110101111111111011111001111101111110110111011110111110111111101
97 0
0000000000000000000100000010000000000000000001000000000000000001000000110100000000000000000000000
98 0
00100100000111000010100001110000000011000010010101000110100001101100110000010011110100011000000100
94 0
1110101111111111111101111011111111110111111011111111011111011111110001111011111111111111111111
94 0
0000001000001100001000010101000100101001010000001001010000110000101001110000000000000000000110
99 0
101010011101101110011111100000111001111111011101110111101100001111110000001001111011011011110111001
93 0
101110011100011101010111110111111101011101011110011101111111110011111011111011111010111111110
91 0
0000000010000100010000000000001100000001111000001000000101000000100000010100000001111001001
94 0
0000000000000000000000000010000101000000000001000010000000000000000000000110011000000010000000
91 0
0100000000100000000010001000000000000000010100011010010000000000000100101101010101100000100
95 0
11111111011101111101011111111111111101001111111111111111110111111110111101111111111111010111111
92 0
10001101011111011111010000110111111111111011110110111110110110111000110011011101111100111001
95 0
11010111111011100100110110101010001100001010110101010000001000111111010110001010110000000111010
91 0
0100010010000000011000100001010000111001001100101100010001001000000000000000100001010000101
97 0
0000000000100010000010010100010010001101101000100000100001011000001100100000010101000000000000010
93 0
000011011001010001000010100010010101001010110100001100011001100111000010110000000001101000100
92 0
11111011111111111111111101111111110111111110111111111111111111111111111111111111111111111111
100 0
1011111101101111010111111111111001101101101111111111110111111011100111111011101011111110111101111110
99 0
101111110010011111001110111111110111101010000111111111111111010101011011011001001111111010011110001
96 0
000100001111001001011011110100010101101111111101110100001010101111010000101110110111111111000011
91 0
0000100001100000000000010000100101100011010001000000000100001000100110000010110010100011100
94 0
1011111111111010110011101110101101111111110110101010101100111111111001111010001011110111100111
98 0
01000000000000000000000000000000000001000000000000000000000000000000001000000100000000000000000000
99 0
000000000000000000000000000000000000000000000000000000000000000000000001000000000000000000000000000
99 0
111011001111110110110111111001111011001110011111010000111111111111011111110101001111110101111110110
94 0
1011100101111111011111010111001011101011111111111101111110101110111110111100000101111111011111
92 0
11110000101100101000011111101000110000001110110000001000110001101101000111101001100101100101
98 0
11111111011111111111111111111111111111110111111001111111111111111110011101100111111111111111111111
93 0
111101000011101100011100011000001101110111011100100001110011101011001100010001101100010110000
98 0
01101111110111100010011111101010010101010100011111111011111100001011011100100001000000111100111011
98 0
01111011000001010000001010111000010000010010010001001000010101000001010000011100010011100110011000
99 0
010111001000111101100100101011010001010001000000100110000000101100001000010010100110001000110110110
97 0
0001011001000000000000000000000010000000001010010000000000000000000000000000000000000000000000000
95 0
11111111111111111111111111111111111111111111111111111111111111111011111111111111111111011101111
99 0
011010101001110010001011000001010010100001001011110100001100000001001011000101110110111010001000110
93 0
100000000000011110010000110001100101101010000101110000000001100100110000100100000010010000001
91 0
1001010110111110111101110101101111011011111111111010111101111101110101101110111011111001101
96 0
001101001000000001010001011110010000001000001000110111001001100111000110011010011001000000000000
92 0
11101111111111111101111111111111110011111111111111101101010111111101111111111101111110111111
99 0
010001100000010001000011110011001001011011101000101001011110011111010100100110010011111101011110001
94 0
1101001011111011010111100101111110100111100111011101111001011111111111100110010001001011011101
99 0
011000000010000000000011010000100000011000100000000000000000000010100000110010000001001100011000100
99 0
011001010111100010001110110110111011111010111110001011011110011011101110001010111110101011011101001
94 0
1111111111111111111111111111101111111111111111111111111111111111111111111111111111111111111111
97 0
0000000101000000000000010001000000000100000000000000000100000000000000000000000000000000000000000
98 0
01000000000000000110000010000000000000000000010000000011011010001001001001000000010000010001000001
92 0
00110100010110101111111101100101011101111111011011001000011111111010111100011110101111101111
98 0
00011010111100001110111001110011010101110100011000011010010101010000110101110000101010111100100111
95 0
00000000000000000000000000000000001000100010000000001000101100010010000000000001000000000000000
93 0
000000000000000000000000100010000000000000100000000000000100000000000000000000000000000000000
98 0
00010001000100101000101100000000000000100001010000000000000001010010101011000000001001001000000000
95 0
00000000000000000000000000000000000000000000000000000000000000000000000000000000000000000000000
92 0
11011011101010010110010011000010100101111101000000110010010011111111100001001011100101110011
96 0
100010110111110110101111110011110101101110111011011111011101100010001111111111111110111110010101
96 0
110101000110111011111010110100000111001011111101011011001111111001111111010101101101011011110111
99 0
001111101101111110000100111011110010111010011111101001110000010110011110011011111111010011100111110
92 0
10000111100100011100010000011101001000110010000000000000100011101100001010001010101000000000
99 0
000100000010000000000100111000000011000000000010000000000101000010010010000000001101001101100000100
100 0
1011110101110000010010111110111011111111111010101111100101111011011010110111110110111101101111011111
96 0
001010000000000001100010010000000000000000000000000001100000000000101010000000000001001001000001
97 0
0011000100000000000100000100000011000000000000001010000000010000000000000000000010000010000000000
