100
100 8
0000110011010110101011000100101011000100000000001010010010010011100100000000000010000101011111010000
94 8
1110001000011110001001100000010001110111110000110001010011010101000011010110011000010110001100
96 3
110010001000100000001001000100000001000000000000000010010000000000000000110000000000000000010000
98 7
01000000010000001000000010000000000000000000000010010000000000000001000000000000000000000000010000
95 4
00000010000100000000000000100000100000000000000000000001001000000010000000000001000010100001001
93 4
111111111111111111101111110111111111110111111111111111111011111111111111111010111111111111111
96 4
110000000101000100000101110001111111001000110100010101011111001110001000101011001010010010100010
91 7
0010000000000000000000000000000000000000000000000000000000000000100000000000000000000000000
99 6
110000010100100000000011100001000101100000001010111000000011111100110001011110000110000110100100000
100 7
1111111111001010111111110111010011111111111111010111111101101111111111001110111011111111111000110011
92 4
00000000000000000000000000000000000000000000100000000000000010000000000000000000000000000000
96 8
101101101011101101011011010001101000011111111011010010101011001011110111100111110001010111100111
93 7
000000000010000100000000000000100000000101000000100000000000000000000000000000000000000010000
100 0
0010001000011100011010100000000000000010100000110110000001000101001000000100000000000101000000000011
98 4
10111111111111010111111110111101111111111111111111111111110000011111111111111111011111111110110011
98 8
01101000001010010111101110101000111111101111101101101111110111110011110111001101111110110110111011
99 3
111101110101101110011011111110011000011001000101001111011111110110101101111101101111011111111111111
100 3
0011010111110011011010011110100110100001011110110101110111110011010100010100110110001001101110101010
93 3
110111011000000000000001000010110000100000010111100011000001100000000000000000011001001001111
91 2
0000000000000000000000000000000000000000000000000000000000000000000000000000000000000000000
94 2
1111111111111111111111111111111111111111111111111111111111111111111111111111111111111111111111
92 4
11111111111111111111111111111111111111111111111111111111111111111111111111111111111111111111
99 4
100010100011100101100101110000001100100011100010100111001100100101001010101010100011000000011110111
92 3
01010110111111110110111110101110000110001110100111101001010111110111011010100011011001010110
96 4
110011100111101110011101011110011001110110100011110111001111111111111011010111100010011001011011
91 7
1010110010110111101111111011001010110111010011011100110000011110011101001011101111011101011
100 5
0100011010001100110011110000000000101101111000011000001001001011100100000010110010001010101011011101
92 0
00000011100011100000000100110011010011110011011000100000100101011010100000011101111011110010
95 7
00000000110010011110101001001001100110011000111011110010111110001110010101101000111000010101000
92 0
01010000000010100001011011010111001000010111010000000100000011011000001000011000100101011000
92 5
00000000000000100101000010000000000000000000001000110000000000000000000010000000001000010001
96 7
000000000000000000000000000000000000000000000000000000000000000000000000000000000000000000000000
98 3
01000111101001101000101000000101100100000010000001110001000110110001010110010100001100001000000010
98 5
11000011001010100110101100000010001100010111000101001011001100001000000110111000110010010010100000
93 2
001100100010111001100100001001101110010011000110011000011100010110110111110111111101001001011
97 1
1111101110011111110011101111111111101111111011111111111111101101110111111111111111101101111101101
99 8
111110001111011001100111001101010100001011010101011011000101001110110111111011000000000111110100011
91 4
0111111111111011101011111110100101101101001110110111111110000110001111111010111110111110001
93 4
000000000000000100001001000000000000000000000000000010000000001010000000000000000000000000100
100 2
1111111111111011111111111011111111011011111111111111111011111110111111111111111111111111111110111011
100 6
0101011100101001010001110011011101101101001100010011010100101000110110110000000000010000111101011100
92 8
01100001010010001011010001010101110100010001000100001101110000001100001000010011110100010111
92 2
01111110101101000000101111001110110101101001110000000011110000000100001101010010100011001100
99 2
100011100001111111000101110010100100110100111101001111010011111011111111001110011001110101100001010
98 0
11111111111111111111111111111111111111111111111111111111111111111111111111111111111111111111111111
91 7
1111101100111011111110101010110111111111010011001111011001011111110011111111011011111101110
95 0
00000100000000000000000000000000000000100100011000001010000010000011000010100000010000000001000
95 6
11011111101111011111111111111111111111111111111011111111111111111101111111111111111111111111111
97 2
0001000000101101110000100000000010100101000010010001000000000000001011001010000110000000100010100
100 0
1111111111111111111111111111111111111111111111111111111011111111111110111111111111111111110111111111
93 6
000000000000000000000000000000000000010000000000000000000000000001000000000000000000000000000
95 0
01111011100110001100011110000001100100000001110111100011111011011100101110010111001110100011001
98 3
01001111011111111110011101101111111101011100111100111011110011111011100111101111011011110001111111
96 6
010011000000010010101100000000100000010000100001101011000010100001111010010110000000100000101010
96 6
010101101101110011011000111111000111111110111010110001011111011011111100001110011111011110111001
93 3
111111111111111111011111111111111111111111111110111111111111111111111111111111111111111111111
96 2
000100000000000100000000000000000001000000011100000000000000000000000010101000000001010000000000
97 5
0000000000000000000000000000000000000000000000000000000000000000000000000000000000000000000000000
99 5
000110011111110100101001101100010001111000010011100001100010100001010010010100100101110100100110000
98 5
00101101100101111100101010011111100100011000101001011100010001000110000001001001111011011111011100
100 3
0011000100000000010000000000000000000000000001100000000000000100000000001000000110000000000000000100
93 1
111111111111110111111101001110111111011111111111111111011111111110110111111110110110110111111
93 2
001101000001000000000010100001011100000110010010010010000010011000110100000100000000010000000
94 6
1111111111111111111111111111111111111111111111111111111111111111111111111111111111111111111111
97 5
0001011010000010101010110010100100110000110000001110011011001011010000010011011100000010101110000
93 0
101111001111100001011101111101101110101101110110001000111111110101001100001111110110000100101
91 5
0000000000000000001010000000100000001000000010100001000010000000100000000000000000000000100
98 0
10100001110000000010101001000000001000101110001110010000010100110000000111100000110100110000000111
94 5
1010001110101111101011000110111110001011101001001001011000111101000011111011111110110111011100
95 4
11111111111111111110111110110110111111111111100111111110111110111111111110111101111111110011111
91 1
1101110111111111111101111111111111010011011011110111111111101111111111111111010111110111111
91 6
1101101111110111101111101111011111111011111111111111111111111101111111011110111111111101101
92 1
00101010100101011011101100110100011100001001000111011010010011001011000100010000100110101111
93 1
110111000000100111101110111011111101010110011101111100011011010001101010011010111110111000100
97 7
1011111111111111111111111110111111111111111111111111111111111101111111001111111111111111111111111
92 1
10110111011110011101101101100010111111111111011101011101111111111100111011111111001011111110
99 2
011101011111110011111111011111111110011111111110001110011111111111011111011100101111101111111011010
94 3
1000000110010100010000010000001001000010011000001000010101001110000101100101000100000011000010
97 8
1111111111111111111011111111111111011111111111111111111111111111111111111111111111111111111111111
95 0
01111001101100111100101111110101111111111111111011101111100111111111111111101001101111111011001
98 8
00100111110010010011111100011101110110110111100001000011110111000110111101100111011010001011001100
98 5
00110000010001111100111111100101010001000010100101110111001100101110000010111111011100010110101110
97 8
1001000000000000000000000001000000000000000000000010000000000001000000000000000000100000000000000
94 2
0100011000101100110000000100000000111011001100100010100000000001000010101001000100110010001110
94 8
1001000001000100010000000100000000100001000000001100000000000000000000000100100000000001000000
91 2
0110100111101110110011001010110110101100110011011110111010011111110101101001101111100010001
93 8
000010000110011110001111001011101100101101111001001001101000100100110101100010110100100100111
100 4
0101011010110000111111100110110000100101011101110001000110011111111100011110110010111111110001100110
96 4
001000001000100000000100000000000000010010000000000000000010000000010000000000000000000000000000
96 5
111111111111110111101110111111111011111111111111111111111111111011111110110001111111110110111111
94 2
1111111111111111011111111111011111111111111111110111111011111111111011111111011111111111110110
98 5
11111101111110101111111101111111111111111111101111111111111111111011111111111001111110111111011111
94 4
1011011011101011111100001111110101011110011010000110111110100010111011010111110101001111111100
91 3
0111110101001100011111001101111110111001011011110100110011011001101001101011010010100001000
100 7
0111000110111101011010011100111010100010000000111010111001000101101110000000010111100000010100001010
92 3
01100100001011111000110101011011110110111011110000101100011110100001011001101001000011010110
100 6
1001101110101110011100011011010111100011011101000110100100100111011000011100110111111101010101101001
96 3
010001000100001111101010000010000000001101011000001110111101101110000101000000111100100100000010
96 3
110011101110100000010000000001011000010100001100000000001001000011100101000101000000000001011101
91 7
1111111111110110111101110111111101111111111111110111101101111011101101000101111111111111111
