100
94 69
1000111101110100100011010100110100100111111010110111001111100011011100001110111110111101101001
94 18
1111110011110111010011011101111101111111001111111001111110101101111100011110110011001000111101
96 12
000001000111000010000100110000000110010010100000100001101000011000000010000101000000010100000000
93 61
110111111011111111111111111111011111111001111111110111111010101110111101111111010111111110111
98 52
11111111111110100111101101111111110111110111111111111111111110110111100111101011111111111111111111
97 54
1101101111111111011111111111111111111111111011110011111111111111111101011111111111111111111101111
95 52
11000001000000001001000011001000001001110100111000100000100010000101000000101001000011000100000
95 68
10000100000000000000000010000100000101000000000100110001000100100000000000000000000000000000000
96 68
011010110111000001100110010111001100001101011110110011110010000000000000101010000001101000000010
94 41
1111111111111101111111111111110111110111111011111111111111111111111111111111011110101111111111
92 52
01101100000000000000001100000010000010000000001001000011000010010100000000001001100000010011
95 60
01101011001010010101100111110111111010101100101110111001100001111111101110101010101011011110011
92 17
01110101111111111001011101001111111110101111110110110111111111011011110111011101111101111111
100 1
1001010101000011011000011000101010010001000100000101110010000011000110001010000010010001010100000101
94 34
1110000100000000100111001010111100011011111111101100001011110111011101001001100110101111101100
94 82
1011011010110011111101000011011010001000011111101000111110111010010100010110001011110111100010
93 51
000100000000100000000000000000000001000000000100000000000001000000000000000100001000100000000
96 87
111111001111111011111011011010101000000010110110010110111101011111011010011100110101110101101001
95 79
01000000000000000101010010001001001000000010001010000000100000000000010000000010000000000000011
98 42
11001110110011001010010110011111001111101110110100101001001111111101111011110010011001000111101111
93 6
111010111111011011011011110010110110011111001110101011111010111011101111001001110010101001101
99 20
111110101111111111111111111111111101111111111111111111011101111111111111011111111111100111111111111
97 71
0001101111100110111111011111110101100111011011011010110111110111111111111001010111001101111111110
96 75
111111111111010101111001100100110011110010110101111111110111111111111011110011111111111111111111
98 23
10000100100101100010011100000101101111000011000000011000000000101000101100000100000000010100000000
92 0
11001101110011101011101111110111110111011001111011111001111111111110111101110101011101111111
100 67
0000000000000001000101001000000000000000000000000000000000000000000000000000010000010000100000000000
97 72
1001110011111101111011000011111000010100101111111101111101101111101001101111100100011111111111001
95 93
00111011000110000000101101010111010100000000011100000110101100111111011010010011001001110000000
99 22
011010001001100110100111101011010011000100101010010101001100100000110001100001001001101110101100001
92 2
01001010101010001000110010111001000110110010011100111111100100111100101001101100100111010110
97 91
1001011111101101010101111111111100101110110111111101111111111111001011111001100101111011101111101
99 77
101110101000010101000011110111111000100011100000101011110101110011010100001101000000000100110001101
93 22
000000011110111101011011111011110100100001101100010001110111001010100111110111010101001111111
94 80
1011011110111001011111011111110111110001110101100000111111101111111011110101111111111111111111
91 13
1111111111111111111111111111111111111111111111111111111111111111111111111111111111111111111
99 46
011111111101000101010111011100111011111001110011011111111011011111111111100111110110111110010101011
100 0
0000000000000000000000000000000000000000010000000000000000100100000000000000000001101000000010010000
96 40
011001110101111010110010000110111111010110101010100100001011001101001101010111011110110100100010
92 81
11111111111111111111111111111111111111111111111111111111101111111111111111111111111111111111
95 43
00100001111010000000001010001001000000111110001100000001101000010010100100110100001000111000100
100 75
0111111011110110111111100000011000001101011110000111000111010011100111101110111111000011010011100001
96 95
000000001001000000001001000000100100000010010001000000000000000000001000001000000001000000000000
95 6
01111110111111011111101111111101111111111111111111011111111111111110111111111111111111101111101
93 19
100010000000000010001001000101101000100000010101010101000000000001000101100010010000000011000
97 51
0001000000100000000000000100000010100010001001000000000010000000100000001000101000000000010001000
93 63
111111111111111011111111111111111111111111111111111111111111111111111111111111111111101111111
98 47
11111111101111111111111110111101011111100101011101111111111101111111111110011111111101111101110011
96 57
001000101100010010000001000010000101001000010010000101111110101001101101000000000011000001001100
91 67
0111111101101110110110111011111111111111111011110111100101010101011111111111111111101111111
92 37
00011000010000110110011000101100011000001110011100100110100010000110101110111011010011101110
97 55
1001000110000110001001100110000101011100111110111011011111111011110101101000100110000100011001110
98 16
00100110111101000101111100000010111110100000011011011010110110111001000011011100011000100001011011
100 47
0000000000010000000000100001001000000010000000000010000001000000000000100001000001000010000100000000
91 67
1011110111011011111110111111101011111011111111111110001111111110110111101011111111110111111
99 66
010001101110010100110011010000001110000000001010000001010001001001000101010000010010100010010010000
97 17
1100001011101100101000010101100011100000110011001101001000110111100000100001111000111100100110110
95 76
11111111111111111111111111111111111111111111111111111111111111111111111111111111111111111111111
98 52
10001101101001101110111101101110011110010101111101101010111111101111111111111001000011111111011111
92 0
11110100111110111001001100011111110110111001100001101111110011111011011001111011011101111011
98 51
01000101100000111001111010010111010000001100111111101101100000101010101110000101001110100011110111
91 15
1011111111010111011001110111111101111110001111011111111011110011011111011011111111111111111
95 84
00000100100100000010001000000100100101010100000001100000000000000000100010001001001000010000000
95 76
11111111111111111010111111111111111111111111111111111111110111111001111111111111111111111111111
98 65
00010101000001111110100000011000111011011101011100110111011011010001001101111111111101101010100100
95 24
11111101111111111011111110111010111111111011111101111011111111111110111111111101111111111111111
100 11
1101111111010111111111110111101111111111110111111110011110011111101111111110111111110111111110011001
100 38
0100110011000100010110100011001110111011101011101000100000111010110100101000010110100010100111000000
97 95
1000110001001010000100011100010010001001010100000010101110010011010011011110101010000110000000101
93 8
100111011111001011101101011111111101111111111010110110111011111101110111011111110011011101001
93 90
010010011111111101011111111011001111011100100011111111001111110010101000100111111110101111011
100 6
0010010010000000001000000000001001001100010011000000001010000001000000000111001001000000000101001010
96 17
101111111111111111111110001101101111111101111111111111110111111011111111011111111111111111101111
100 64
0001000110011101000111001111011110010010111011010100001000111110111011001101010111111101010110111101
98 55
01111100111100111110110010111111011010111111111011011101111111110111001111111111111101011110111110
94 2
0111111001110011111111010010011011110110101111001001011111101000111011111001111110101111110111
91 89
0000111110100000001011101001001001000001000110011000000010001100101111100000100000000101001
100 99
1110000110001010111001000101010010001001101001100110111001111011000100010000101001011000000010011000
91 89
0000010001100101000000000010101001000000000000100000011000001100000000000100000000000000000
98 58
11011101101101011010110111011110110111010100010111000100001100010111111000100101000010001110111101
99 85
000100000000100000000000000000001000000000000000000010001000000000000000000000000011001001000001000
94 85
0001100100010010000011010001100110100110000000000010000001000110000000001010100011100000010001
96 31
101110111111111111111101111101111111101110111111111101111111100101111111111111111110111111111111
95 60
11010101111111111111111111111111101011111101111111101101101011010111111111111111101101101110111
97 62
1111111111111111111111111111110111111111111011111111111111111101001111011111111111111111110111110
94 55
1111001110101100001001001001001000001000000010010100101101100000010001000010110000000011000100
96 89
111111110111111001110011011101011010111111110011011001110111011111111001101111111010100101111111
93 37
111111111110001101111100111010110111101101100100110100001111111110101010111110011010111101011
93 74
011100111010110001000000010100010000000001001000010010000100000100101000000000010000010010010
98 6
00000100000000000000000000000000000000000000000000000000000000000000000000000000000000000000000000
97 84
1111111001101011101111111111101111101011100011111111111111001100111111011111011101111111111011011
91 79
1101010110110010001101101101010010101101010011001101001111000010101111000011001101100110100
93 15
111101100111000001110000010000010100000000000101100010010010011100110001010000000001100101001
97 93
0000000000000100000000000000000000000000000000000000000000000000000000000010000000000000010000000
99 76
010101110111111111101010110111110000110111101110110011111001111111111011111111011111111101111001101
96 38
010011010111101111100000001011001001000000000010100000010100101010001100000110010110111011010010
92 64
10101111101100111111000000111010110111100110010111111110101011011101001101010110001101011011
91 64
0001010100000110001000100001110000000010000000010000000101010001100110000110100110000100101
92 43
01000010110000001010000011101001011010101000100000010000100001000000000010001101111110000000
93 73
010100010000000101110000000100110010010010001001001000100001110000001011000000001001000000010
