64
4 0
0000
4 0
0001
4 0
0010
4 0
0011
4 0
0100
4 0
0101
4 0
0110
4 0
0111
4 0
1000
4 0
1001
4 0
1010
4 0
1011
4 0
1100
4 0
1101
4 0
1110
4 0
1111
4 1
0000
4 1
0001
4 1
0010
4 1
0011
4 1
0100
4 1
0101
4 1
0110
4 1
0111
4 1
1000
4 1
1001
4 1
1010
4 1
1011
4 1
1100
4 1
1101
4 1
1110
4 1
1111
4 2
0000
4 2
0001
4 2
0010
4 2
0011
4 2
0100
4 2
0101
4 2
0110
4 2
0111
4 2
1000
4 2
1001
4 2
1010
4 2
1011
4 2
1100
4 2
1101
4 2
1110
4 2
1111
4 3
0000
4 3
0001
4 3
0010
4 3
0011
4 3
0100
4 3
0101
4 3
0110
4 3
0111
4 3
1000
4 3
1001
4 3
1010
4 3
1011
4 3
1100
4 3
1101
4 3
1110
4 3
1111
