80
5 0
00000
5 0
00001
5 0
00010
5 0
00011
5 0
00100
5 0
00101
5 0
00110
5 0
00111
5 0
01000
5 0
01001
5 0
01010
5 0
01011
5 0
01100
5 0
01101
5 0
01110
5 0
01111
5 1
00000
5 1
00001
5 1
00010
5 1
00011
5 1
00100
5 1
00101
5 1
00110
5 1
00111
5 1
01000
5 1
01001
5 1
01010
5 1
01011
5 1
01100
5 1
01101
5 1
01110
5 1
01111
5 2
00000
5 2
00001
5 2
00010
5 2
00011
5 2
00100
5 2
00101
5 2
00110
5 2
00111
5 2
01000
5 2
01001
5 2
01010
5 2
01011
5 2
01100
5 2
01101
5 2
01110
5 2
01111
5 3
00000
5 3
00001
5 3
00010
5 3
00011
5 3
00100
5 3
00101
5 3
00110
5 3
00111
5 3
01000
5 3
01001
5 3
01010
5 3
01011
5 3
01100
5 3
01101
5 3
01110
5 3
01111
5 4
00000
5 4
00001
5 4
00010
5 4
00011
5 4
00100
5 4
00101
5 4
00110
5 4
00111
5 4
01000
5 4
01001
5 4
01010
5 4
01011
5 4
01100
5 4
01101
5 4
01110
5 4
01111
