80
5 0
10000
5 0
10001
5 0
10010
5 0
10011
5 0
10100
5 0
10101
5 0
10110
5 0
10111
5 0
11000
5 0
11001
5 0
11010
5 0
11011
5 0
11100
5 0
11101
5 0
11110
5 0
11111
5 1
10000
5 1
10001
5 1
10010
5 1
10011
5 1
10100
5 1
10101
5 1
10110
5 1
10111
5 1
11000
5 1
11001
5 1
11010
5 1
11011
5 1
11100
5 1
11101
5 1
11110
5 1
11111
5 2
10000
5 2
10001
5 2
10010
5 2
10011
5 2
10100
5 2
10101
5 2
10110
5 2
10111
5 2
11000
5 2
11001
5 2
11010
5 2
11011
5 2
11100
5 2
11101
5 2
11110
5 2
11111
5 3
10000
5 3
10001
5 3
10010
5 3
10011
5 3
10100
5 3
10101
5 3
10110
5 3
10111
5 3
11000
5 3
11001
5 3
11010
5 3
11011
5 3
11100
5 3
11101
5 3
11110
5 3
11111
5 4
10000
5 4
10001
5 4
10010
5 4
10011
5 4
10100
5 4
10101
5 4
10110
5 4
10111
5 4
11000
5 4
11001
5 4
11010
5 4
11011
5 4
11100
5 4
11101
5 4
11110
5 4
11111
