96
6 0
000000
6 0
000001
6 0
000010
6 0
000011
6 0
000100
6 0
000101
6 0
000110
6 0
000111
6 0
001000
6 0
001001
6 0
001010
6 0
001011
6 0
001100
6 0
001101
6 0
001110
6 0
001111
6 1
000000
6 1
000001
6 1
000010
6 1
000011
6 1
000100
6 1
000101
6 1
000110
6 1
000111
6 1
001000
6 1
001001
6 1
001010
6 1
001011
6 1
001100
6 1
001101
6 1
001110
6 1
001111
6 2
000000
6 2
000001
6 2
000010
6 2
000011
6 2
000100
6 2
000101
6 2
000110
6 2
000111
6 2
001000
6 2
001001
6 2
001010
6 2
001011
6 2
001100
6 2
001101
6 2
001110
6 2
001111
6 3
000000
6 3
000001
6 3
000010
6 3
000011
6 3
000100
6 3
000101
6 3
000110
6 3
000111
6 3
001000
6 3
001001
6 3
001010
6 3
001011
6 3
001100
6 3
001101
6 3
001110
6 3
001111
6 4
000000
6 4
000001
6 4
000010
6 4
000011
6 4
000100
6 4
000101
6 4
000110
6 4
000111
6 4
001000
6 4
001001
6 4
001010
6 4
001011
6 4
001100
6 4
001101
6 4
001110
6 4
001111
6 5
000000
6 5
000001
6 5
000010
6 5
000011
6 5
000100
6 5
000101
6 5
000110
6 5
000111
6 5
001000
6 5
001001
6 5
001010
6 5
001011
6 5
001100
6 5
001101
6 5
001110
6 5
001111
