96
6 0
010000
6 0
010001
6 0
010010
6 0
010011
6 0
010100
6 0
010101
6 0
010110
6 0
010111
6 0
011000
6 0
011001
6 0
011010
6 0
011011
6 0
011100
6 0
011101
6 0
011110
6 0
011111
6 1
010000
6 1
010001
6 1
010010
6 1
010011
6 1
010100
6 1
010101
6 1
010110
6 1
010111
6 1
011000
6 1
011001
6 1
011010
6 1
011011
6 1
011100
6 1
011101
6 1
011110
6 1
011111
6 2
010000
6 2
010001
6 2
010010
6 2
010011
6 2
010100
6 2
010101
6 2
010110
6 2
010111
6 2
011000
6 2
011001
6 2
011010
6 2
011011
6 2
011100
6 2
011101
6 2
011110
6 2
011111
6 3
010000
6 3
010001
6 3
010010
6 3
010011
6 3
010100
6 3
010101
6 3
010110
6 3
010111
6 3
011000
6 3
011001
6 3
011010
6 3
011011
6 3
011100
6 3
011101
6 3
011110
6 3
011111
6 4
010000
6 4
010001
6 4
010010
6 4
010011
6 4
010100
6 4
010101
6 4
010110
6 4
010111
6 4
011000
6 4
011001
6 4
011010
6 4
011011
6 4
011100
6 4
011101
6 4
011110
6 4
011111
6 5
010000
6 5
010001
6 5
010010
6 5
010011
6 5
010100
6 5
010101
6 5
010110
6 5
010111
6 5
011000
6 5
011001
6 5
011010
6 5
011011
6 5
011100
6 5
011101
6 5
011110
6 5
011111
