96
6 0
100000
6 0
100001
6 0
100010
6 0
100011
6 0
100100
6 0
100101
6 0
100110
6 0
100111
6 0
101000
6 0
101001
6 0
101010
6 0
101011
6 0
101100
6 0
101101
6 0
101110
6 0
101111
6 1
100000
6 1
100001
6 1
100010
6 1
100011
6 1
100100
6 1
100101
6 1
100110
6 1
100111
6 1
101000
6 1
101001
6 1
101010
6 1
101011
6 1
101100
6 1
101101
6 1
101110
6 1
101111
6 2
100000
6 2
100001
6 2
100010
6 2
100011
6 2
100100
6 2
100101
6 2
100110
6 2
100111
6 2
101000
6 2
101001
6 2
101010
6 2
101011
6 2
101100
6 2
101101
6 2
101110
6 2
101111
6 3
100000
6 3
100001
6 3
100010
6 3
100011
6 3
100100
6 3
100101
6 3
100110
6 3
100111
6 3
101000
6 3
101001
6 3
101010
6 3
101011
6 3
101100
6 3
101101
6 3
101110
6 3
101111
6 4
100000
6 4
100001
6 4
100010
6 4
100011
6 4
100100
6 4
100101
6 4
100110
6 4
100111
6 4
101000
6 4
101001
6 4
101010
6 4
101011
6 4
101100
6 4
101101
6 4
101110
6 4
101111
6 5
100000
6 5
100001
6 5
100010
6 5
100011
6 5
100100
6 5
100101
6 5
100110
6 5
100111
6 5
101000
6 5
101001
6 5
101010
6 5
101011
6 5
101100
6 5
101101
6 5
101110
6 5
101111
